RadniDan;Mjesec;PrijasnjaPotrosnja;Potrosnja
0;12;16668;16630
1;12;17790;17627
1;12;18088;17957
1;12;17168;17008
1;12;16303;16060
0;12;15780;15507
0;1;13800;13611
0;1;15207;15207
1;1;16224;16113
1;1;16517;16422
1;1;17731;17616
1;1;18742;18570
1;1;16797;16591
0;1;16946;16742
0;1;15458;15348
1;1;17377;16669
1;1;17334;17258
1;1;18025;17850
1;1;17134;16996
1;1;17143;17056
0;1;15852;15649
0;1;16385;16294
0;1;18287;18109
1;1;19498;19282
1;1;19707;19421
1;1;18123;17948
1;1;19252;19037
0;1;18836;18740
0;1;18115;17904
1;1;19012;18754
1;1;18232;17999
1;1;19399;19179
1;1;18911;18700
1;1;18930;18543
0;1;16566;16232
0;1;15387;15158
1;1;17588;17328
1;2;17402;17106
1;2;17314;17054
1;2;17412;17264
1;2;17261;16925
0;2;14654;14280
0;2;14543;14317
1;2;16336;16097
1;2;16712;16466
1;2;16222;16047
1;2;17601;17506
1;2;17116;16858
0;2;15352;15123
0;2;14713;14446
1;2;17415;17335
1;2;16025;16080
1;2;16343;16285
1;2;16707;16505
1;2;17189;16974
0;2;16019;15593
0;2;15161;14837
0;2;18010;17730
1;2;17253;17010
1;2;16892;16671
1;2;17403;17246
1;2;17291;17063
0;2;15479;15255
0;2;15123;14862
1;2;17501;17370
1;3;17836;17591
1;3;17262;17066
1;3;17400;17177
1;3;17198;16951
0;3;15106;14722
0;3;14910;14839
1;3;16429;16149
1;3;17619;17654
1;3;18236;17972
1;3;17458;17188
1;3;17676;17503
0;3;16257;15909
0;3;14620;14404
1;3;16673;16438
1;3;16456;16195
1;3;16401;16187
1;3;16378;16146
1;3;16066;15764
0;3;14228;13881
0;3;14373;14169
1;3;16600;16332
1;3;15905;15667
1;3;16561;16444
1;3;16945;16697
1;3;15574;15371
0;3;14208;13825
0;3;13179;12642
1;3;17584;17390
1;3;16524;16275
1;3;15755;15524
1;3;15643;15381
1;4;15698;15356
0;4;15671;15374
0;4;14250;14098
1;4;16159;15899
1;4;15767;15465
1;4;15581;15434
1;4;15729;15538
1;4;15578;15310
0;4;13451;13128
0;4;13094;12831
1;4;15562;15353
1;4;15766;15553
1;4;15647;15397
1;4;15552;15322
1;4;15491;15203
0;4;13321;12991
0;4;12964;12785
1;4;15538;15345
1;4;15882;15775
1;4;16640;16568
1;4;15455;15270
1;4;15334;15095
0;4;14595;14357
0;4;13627;13317
1;4;15810;15586
1;4;15665;15480
1;4;16347;16215
1;4;15872;15683
1;4;15556;15336
0;4;14470;14309
0;5;13751;13467
1;5;15643;15422
1;5;15575;15384
1;5;15559;15362
1;5;15642;15434
1;5;15471;15217
0;5;14481;14173
0;5;13341;13105
1;5;15916;15673
1;5;15996;15924
1;5;16360;16271
1;5;15770;15568
1;5;15360;15210
0;5;13627;13339
0;5;13571;13400
1;5;15977;15796
1;5;15881;15691
1;5;15749;15596
1;5;15769;15610
1;5;15618;15433
0;5;13562;13396
0;5;13480;13248
1;5;16057;15855
1;5;16449;16298
1;5;16567;16395
1;5;16235;16070
1;5;15876;15683
0;5;13679;13502
0;5;13134;12974
0;5;13614;13422
1;5;16440;16349
1;6;16395;16318
1;6;16768;16688
1;6;17126;17014
0;6;15536;15512
0;6;16776;16831
1;6;18435;18535
1;6;20573;20776
1;6;21185;21626
1;6;21708;21925
1;6;21378;21597
0;6;21014;21059
0;6;20603;20713
1;6;24590;24905
1;6;22777;22313
1;6;16997;16801
1;6;16689;16590
1;6;17199;17078
0;6;14775;14563
0;6;13849;13663
1;6;17921;17982
1;6;19315;19525
1;6;18619;18417
1;6;18634;18110
1;6;19957;20234
0;6;21262;21597
0;6;22287;22393
1;6;24282;24352
1;6;22112;22081
1;6;23558;23085
1;6;21615;21742
1;7;19972;20037
0;7;17320;17259
0;7;15515;15503
0;7;15832;15894
1;7;20901;21218
1;7;20183;19972
1;7;17525;17440
1;7;17160;16893
0;7;15540;15492
0;7;17168;17488
1;7;23673;23990
1;7;21406;21742
1;7;19783;19831
1;7;21985;22370
1;7;23465;23578
0;7;20522;20611
0;7;19246;19359
1;7;23931;24249
1;7;26543;26736
1;7;24745;24870
1;7;23588;23849
1;7;24597;24888
0;7;18877;18841
0;7;17067;17254
1;7;21513;21863
1;7;24955;25302
1;7;26743;26885
1;7;19827;19852
1;7;20280;20371
0;7;17934;18011
0;7;16594;16551
1;8;20669;20971
1;8;23600;23884
1;8;24442;24695
1;8;24087;24422
1;8;25802;25983
0;8;18832;18904
0;8;18593;18815
1;8;24348;24452
1;8;23240;23352
1;8;24381;24624
1;8;25107;25276
1;8;24026;24205
0;8;23927;24016
0;8;22688;22233
1;8;19540;19297
1;8;19522;19428
1;8;20909;21063
1;8;19039;19114
1;8;19098;18858
0;8;17544;17562
0;8;20034;20513
1;8;21890;21990
1;8;19799;19747
1;8;18744;18594
1;8;18779;18885
1;8;19502;19659
0;8;17723;17732
0;8;17806;17741
1;8;22959;22983
1;8;21199;21175
1;8;22689;22647
1;9;21616;21749
1;9;20820;21046
0;9;16891;16858
0;9;15722;15681
0;9;15482;15478
1;9;18560;18644
1;9;19036;19250
1;9;19799;19990
1;9;18265;18185
0;9;15132;15043
0;9;14359;14383
1;9;20103;20614
1;9;21659;22010
1;9;21905;22195
1;9;20833;20751
1;9;19163;18987
0;9;16944;16904
0;9;15904;15863
1;9;19033;19191
1;9;18988;18893
1;9;18566;18712
1;9;19241;19347
1;9;19211;19162
0;9;14428;14246
0;9;13962;13874
1;9;17767;17679
1;9;17391;17308
1;9;16724;16657
1;9;17344;17114
1;9;15807;15629
0;10;14069;13852
0;10;14125;14109
1;10;17107;17101
1;10;17585;17611
1;10;17765;17792
1;10;18205;18203
1;10;18970;18687
0;10;17125;16797
0;10;14111;13949
0;10;15878;15694
1;10;16526;16352
1;10;16436;16302
1;10;16588;16388
1;10;16641;16451
0;10;15257;15016
0;10;14046;13922
1;10;16164;16035
1;10;15413;15980
1;10;16161;16016
1;10;15877;15685
1;10;15805;15529
0;10;14898;14703
0;10;14477;14312
1;10;16459;16348
1;10;17088;16900
1;10;16326;16161
1;10;16264;16172
1;10;16325;16050
0;10;15036;14815
0;10;13632;13475
1;10;15972;15828
1;11;16010;15883
1;11;15913;15743
1;11;16048;15772
1;11;15782;15594
0;11;13785;13573
0;11;14108;13986
1;11;15803;15712
1;11;15784;15593
1;11;16207;16274
1;11;16016;15770
0;11;15783;15572
0;11;14014;13785
0;11;13572;13418
1;11;15832;15583
1;11;16675;16558
1;11;16466;16320
1;11;15879;15804
1;11;16355;16144
0;11;14706;14461
0;11;13942;13771
1;11;16031;15926
1;11;17316;17192
1;11;17393;17205
0;11;14853;13940
1;11;15592;15417
0;11;15692;15605
0;11;14944;14890
1;11;16918;16761
1;11;16352;16207
1;11;16739;16655
1;12;16266;16229
1;12;16736;16695
0;12;15664;15489
0;12;16543;16478
1;12;17515;17451
1;12;17455;17349
1;12;17929;17742
1;12;17590;17406
1;12;19013;18677
0;12;15358;15316
0;12;15040;14945
1;12;17247;17174
1;12;18126;18044
1;12;18638;18453
1;12;18246;18105
1;12;18376;18020
0;12;15514;15346
0;12;15630;15418
1;12;17878;17744
1;12;17788;17657
1;12;17856;17734
1;12;17696;17506
1;12;16015;15830
0;12;14738;14552
0;12;13763;13472
0;12;15486;15366
1;12;16789;16539
1;12;16799;16625
1;12;17052;16909
1;12;16086;15883
0;12;16123;16075
