Praznik;Mjesec;Temperatura;Vlaga;Tlak;PrijasnjaPotrosnja;Potrosnja
1;1;-4.3;0.95;1002.3;158.5;158.0
1;1;-0.5;0.9;1003.2;172.25;170.75
0;1;-2.4;0.96;1007.4;403.75;405.75
0;1;-1.7;0.66;1007.7;423.75;408.25
0;1;-1.7;0.75;1006.2;426.25;422.75
1;1;2.1;0.71;1002.8;187.25;186.75
0;1;13.1;0.63;1004.8;232.75;233.25
1;1;14.4;0.62;1003.5;179.75;185.5
1;1;15.2;0.5;1002.8;177.75;178.0
0;1;11.1;0.89;1004.2;489.5;466.0
0;1;4.3;0.97;998.5;495.0;491.25
0;1;7.0;0.81;1005.3;NaN;NaN
0;1;10.1;0.68;998.7;402.25;409.0
0;1;12.4;0.61;1002.3;459.25;427.75
1;1;12.5;0.63;1007.8;191.5;173.25
1;1;9.9;0.73;1014.0;163.0;161.5
0;1;10.5;0.62;1009.9;454.75;450.0
0;1;4.8;0.91;1010.2;421.0;399.0
0;1;2.3;0.95;1006.2;445.25;450.0
0;1;3.9;0.61;1005.5;448.25;450.0
0;1;2.8;0.53;1009.2;477.25;461.0
1;1;0.8;0.6;1010.0;208.0;203.5
1;1;1.4;0.46;1004.9;185.75;184.25
0;1;1.8;0.54;1004.9;439.25;418.25
0;1;1.0;0.62;1000.0;421.75;429.0
0;1;7.0;0.47;993.7;439.5;446.25
0;1;2.1;0.88;1000.5;456.75;433.5
0;1;0.0;0.69;1008.3;470.75;457.75
1;1;0.0;0.79;1007.9;188.75;185.0
1;1;0.0;0.66;1005.4;177.0;182.75
0;1;-0.4;0.78;1009.9;457.25;437.25
0;2;-1.3;0.68;1011.1;429.75;421.0
0;2;-2.2;0.73;1013.1;417.25;413.75
0;2;1.6;0.61;1012.7;408.5;376.25
0;2;7.4;0.46;1014.3;362.0;350.75
1;2;15.1;0.28;1007.5;185.75;187.5
1;2;13.5;0.32;1009.7;178.25;179.0
0;2;17.0;0.25;1007.0;381.25;372.0
0;2;14.7;0.31;1003.3;375.25;353.5
0;2;11.8;0.36;1007.2;398.0;403.75
0;2;10.1;0.4;1007.5;374.0;338.75
0;2;16.0;0.29;999.5;370.5;364.75
1;2;5.1;0.53;1003.7;198.25;199.0
1;2;4.0;0.6;1000.8;183.5;184.0
0;2;2.1;0.92;998.4;477.5;481.5
0;2;0.6;0.89;994.0;504.0;503.0
0;2;3.1;0.92;991.5;455.75;477.25
0;2;3.8;0.9;992.2;479.0;479.25
0;2;4.6;0.84;995.3;478.75;468.0
1;2;7.4;0.61;998.0;157.5;160.25
1;2;6.5;0.5;998.9;188.25;185.5
0;2;-0.1;0.77;1000.3;475.0;477.25
0;2;-0.7;0.84;999.7;458.0;458.25
0;2;-0.6;0.52;1008.0;411.75;395.25
0;2;1.4;0.52;1011.7;418.25;415.75
0;2;2.4;0.45;1010.1;429.25;392.0
1;2;1.5;0.67;1008.7;192.25;190.5
1;2;-0.3;0.74;1002.7;193.75;192.5
0;2;0.1;0.76;1009.9;493.5;488.5
0;3;2.3;0.68;1014.8;493.5;482.75
0;3;0.5;0.77;1014.3;471.0;448.25
0;3;0.0;0.77;1016.4;485.0;465.75
0;3;3.7;0.66;1016.2;467.5;440.5
1;3;2.8;0.7;1005.9;209.335766423;207.288321168
1;3;5.1;0.61;1005.8;183.959854015;183.248175182
0;3;4.3;0.35;1018.1;450.186131387;443.725274725
0;3;5.7;0.22;1017.4;438.233463035;429.922178988
0;3;8.6;0.28;1006.8;461.0703125;447.02734375
0;3;15.7;0.21;1003.9;430.792156863;408.175097276
0;3;17.8;0.24;1003.6;427.774319066;417.098039216
1;3;18.0;0.24;1002.8;198.45703125;197.7
1;3;15.0;0.4;1001.1;192.220472441;191.498007968
0;3;17.6;0.51;1003.8;455.521568627;443.785992218
0;3;19.0;0.4;1002.0;422.25;424.5
0;3;10.2;0.9;995.5;464.5;474.0
0;3;15.4;0.5;990.0;457.5;458.0
0;3;12.5;0.56;999.4;466.0;459.25
1;3;7.9;0.59;1006.9;198.25;212.0
1;3;10.4;0.42;1012.1;187.25;186.0
0;3;8.2;0.44;1017.6;424.5;412.25
0;3;13.4;0.31;1018.3;398.0;390.75
0;3;16.8;0.36;1016.3;408.25;417.75
0;3;19.5;0.27;1014.5;426.5;426.0
0;3;23.1;0.18;1000.4;419.25;397.0
1;3;19.9;0.32;995.4;202.5;209.5
1;3;15.8;0.53;999.3;194.75;204.0
0;3;11.8;0.9;997.9;NaN;NaN
0;3;14.9;0.52;1001.0;391.0;401.75
0;3;17.3;0.3;1001.3;383.5;376.5
0;3;19.2;0.29;1005.6;497.0;436.0
0;4;19.7;0.33;1006.3;NaN;NaN
1;4;21.3;0.37;1003.9;NaN;NaN
1;4;21.8;0.33;998.1;NaN;NaN
0;4;23.0;0.38;996.2;NaN;NaN
0;4;16.1;0.4;1008.7;NaN;NaN
0;4;18.2;0.39;1010.9;NaN;NaN
0;4;26.4;0.32;1003.0;NaN;NaN
0;4;19.9;0.44;1000.0;NaN;NaN
1;4;22.2;0.3;997.1;NaN;NaN
1;4;18.4;0.27;1001.5;NaN;NaN
0;4;18.4;0.37;1003.9;NaN;NaN
0;4;24.2;0.24;993.0;NaN;NaN
0;4;14.1;0.24;997.7;NaN;NaN
0;4;14.2;0.28;996.7;NaN;NaN
0;4;13.0;0.41;1000.6;NaN;NaN
1;4;14.0;0.41;1004.8;NaN;170.333333333
1;4;14.4;0.33;1006.7;157.25;158.25
0;4;16.9;0.31;1005.1;411.75;413.0
0;4;18.4;0.31;1001.1;428.75;422.75
0;4;21.0;0.29;1002.8;388.5;398.0
0;4;23.6;0.23;1000.7;413.0;393.75
0;4;23.0;0.27;998.0;322.75;303.5
1;4;23.7;0.28;997.8;163.5;156.5
1;4;23.6;0.27;998.3;145.0;144.75
1;4;21.7;0.47;998.8;162.25;160.75
0;4;14.7;0.69;998.7;428.0;420.75
0;4;16.4;0.47;997.0;418.5;409.5
0;4;15.9;0.58;997.1;454.25;435.0
0;4;16.2;0.71;994.9;440.75;414.0
1;4;18.8;0.55;991.1;167.0;166.25
1;5;18.9;0.5;988.6;160.75;162.25
0;5;19.6;0.46;992.8;396.5;364.5
0;5;23.7;0.36;986.4;363.25;373.5
0;5;13.5;0.34;1001.0;383.25;380.25
0;5;15.8;0.3;1009.0;401.907063197;388.558052434
0;5;17.8;0.33;1010.9;360.435897436;353.820224719
1;5;22.8;0.26;1005.1;178.391836735;169.679012346
1;5;12.9;0.7;1004.7;177.280487805;178.18487395
0;5;18.7;0.33;1009.2;412.25;365.75
0;5;23.3;0.28;1009.7;371.75;356.5
0;5;25.0;0.33;1003.4;380.25;367.75
0;5;26.5;0.26;998.8;405.0;372.5
0;5;22.9;0.42;1004.0;NaN;NaN
1;5;25.6;0.41;998.9;230.5;237.75
1;5;12.0;0.84;999.8;210.466346154;214.121495327
0;5;17.3;0.47;1004.4;404.049107143;410.918918919
0;5;19.4;0.47;1005.2;403.245614035;394.703056769
0;5;22.5;0.45;1005.0;421.939271255;421.61752988
0;5;25.3;0.41;1002.5;425.78;418.497959184
0;5;26.5;0.36;1002.3;430.9004329;417.675438596
1;5;26.6;0.42;1002.4;193.943925234;210.967889908
1;5;26.0;0.41;1002.0;163.935064935;165.375565611
0;5;27.3;0.38;1005.4;485.692307692;499.836283186
0;5;26.8;0.42;1004.0;471.905063291;465.41875
0;5;25.3;0.37;1006.5;459.25;453.0
0;5;25.7;0.28;1002.4;471.230088496;476.809734513
0;5;29.8;0.35;994.5;535.563559322;537.458515284
1;5;15.6;0.73;1000.3;208.360515021;225.815450644
1;5;22.6;0.37;1003.6;199.1;187.429752066
0;5;24.3;0.38;1003.9;488.99137931;482.327659574
0;5;26.6;0.45;997.5;522.43776824;537.876068376
