Praznik;Mjesec;Temperatura;Vlaga;Tlak;PrijasnjaPotrosnja;Potrosnja
1;1;-4.0;0.95;1002.2;169.0;165.75
1;1;-2.3;0.93;1005.4;178.0;174.0
0;1;-5.8;0.92;1009.3;219.0;205.0
0;1;-2.8;0.86;1007.9;230.25;202.75
0;1;-3.2;0.85;1006.5;230.75;201.5
1;1;3.8;0.84;1002.1;185.25;179.25
0;1;11.6;0.74;1005.5;194.0;183.75
1;1;11.0;0.78;1004.8;193.25;183.75
1;1;11.6;0.65;1003.3;190.0;180.5
0;1;5.9;0.89;1004.4;220.25;203.5
0;1;4.1;0.97;998.2;244.0;219.0
0;1;1.1;0.96;1007.5;225.5;204.25
0;1;6.3;0.92;1000.4;240.5;220.5
0;1;3.8;0.92;1002.0;226.25;202.75
1;1;3.1;0.96;1012.5;178.0;171.5
1;1;2.0;0.96;1013.7;176.0;168.75
0;1;3.2;0.91;1009.0;229.25;210.0
0;1;-0.8;0.98;1009.8;232.25;210.5
0;1;3.2;0.96;1006.2;230.5;202.5
0;1;2.8;0.59;1007.3;235.25;207.5
0;1;0.8;0.67;1010.9;212.75;192.25
1;1;-0.7;0.62;1008.3;192.5;184.75
1;1;-1.1;0.68;1005.0;190.0;184.0
0;1;-2.1;0.79;1006.3;255.75;211.5
0;1;-1.0;0.77;997.3;246.5;213.0
0;1;1.4;0.84;996.2;247.75;210.25
0;1;0.7;0.9;1003.6;241.25;220.25
0;1;-0.1;0.75;1009.5;225.75;212.5
1;1;-0.7;0.73;1007.2;187.25;185.0
1;1;-0.9;0.69;1006.9;180.75;179.25
0;1;-1.9;0.77;1011.7;242.75;236.0
0;2;-3.9;0.93;1011.8;230.25;219.0
0;2;-3.7;0.86;1014.6;225.0;207.0
0;2;-4.3;0.9;1013.2;230.0;220.25
0;2;-1.4;0.88;1013.1;204.75;191.0
1;2;0.2;0.85;1008.7;179.75;179.0
1;2;1.8;0.8;1010.1;184.25;178.0
0;2;2.5;0.74;1005.9;222.75;213.75
0;2;8.4;0.54;1007.4;218.75;211.25
0;2;1.9;0.81;1009.0;223.25;209.5
0;2;2.0;0.8;1005.9;230.5;221.75
0;2;8.1;0.61;998.5;202.0;196.0
1;2;3.6;0.55;1006.1;191.25;185.75
1;2;1.6;0.93;1000.7;185.25;183.5
0;2;0.9;0.82;999.0;248.5;228.5
0;2;0.4;0.87;994.1;248.0;229.5
0;2;4.6;0.9;989.1;238.25;221.5
0;2;4.1;0.93;994.4;252.5;224.5
0;2;3.6;0.86;998.2;251.0;225.25
1;2;4.9;0.87;1000.5;166.25;154.5
1;2;2.7;0.71;999.1;202.75;198.25
0;2;-1.8;0.67;1000.7;258.75;228.25
0;2;-1.2;0.74;1003.0;230.0;212.5
0;2;-3.9;0.66;1011.4;226.0;206.75
0;2;-4.8;0.76;1012.7;248.75;221.75
0;2;-0.3;0.55;1012.2;223.0;216.0
1;2;-3.9;0.83;1005.8;192.0;187.75
1;2;-1.2;0.83;1005.4;203.5;197.0
0;2;0.2;0.82;1011.8;253.5;235.0
0;3;0.0;0.78;1015.9;257.25;235.75
0;3;-1.7;0.88;1016.0;239.5;224.5
0;3;0.5;0.76;1017.7;237.25;213.5
0;3;-2.1;0.9;1014.7;222.5;213.5
1;3;-0.8;0.88;1004.9;195.178832117;190.390510949
1;3;3.6;0.38;1010.8;179.244525547;177.322344322
0;3;-3.5;0.7;1021.2;247.996254682;210.937956204
0;3;-2.5;0.69;1014.1;244.821011673;222.28125
0;3;-0.3;0.66;1006.7;241.910505837;221.132
0;3;2.7;0.65;1004.1;238.105058366;215.819607843
0;3;9.6;0.38;1005.2;233.717647059;209.0546875
1;3;11.5;0.49;1002.8;208.4765625;206.5703125
1;3;12.6;0.56;1001.5;208.715953307;200.482490272
0;3;11.4;0.81;1005.1;241.5;220.25
0;3;14.5;0.65;1003.0;241.0;213.75
0;3;10.2;0.9;991.4;243.5;227.25
0;3;11.6;0.65;993.4;272.0;244.5
0;3;7.6;0.81;1003.9;250.0;222.5
1;3;7.0;0.54;1009.9;202.25;197.5
1;3;6.3;0.5;1014.8;202.25;195.5
0;3;2.4;0.82;1020.0;238.0;224.25
0;3;4.8;0.64;1018.0;236.75;226.75
0;3;7.0;0.82;1017.7;234.75;218.0
0;3;8.2;0.67;1012.3;252.25;231.75
0;3;14.5;0.37;999.4;222.0;205.5
1;3;11.6;0.56;999.4;204.25;201.5
1;3;12.4;0.6;998.8;207.5;203.25
0;3;9.5;0.95;999.7;NaN;NaN
0;3;6.7;0.86;1002.2;238.75;221.25
0;3;7.4;0.72;1003.2;241.0;222.75
0;3;9.0;0.74;1007.1;242.25;229.5
0;4;13.6;0.78;1008.5;NaN;NaN
1;4;11.4;0.76;1002.8;NaN;NaN
1;4;12.4;0.75;999.0;NaN;NaN
0;4;10.8;0.83;1005.5;NaN;NaN
0;4;6.9;0.87;1011.4;NaN;NaN
0;4;10.0;0.82;1010.3;NaN;NaN
0;4;23.1;0.28;999.1;NaN;NaN
0;4;11.3;0.83;998.6;NaN;NaN
1;4;11.6;0.46;1002.6;NaN;NaN
1;4;9.0;0.78;1004.1;NaN;NaN
0;4;10.6;0.76;1002.5;NaN;NaN
0;4;7.8;0.84;1001.4;NaN;NaN
0;4;4.6;0.66;1000.0;NaN;NaN
0;4;6.2;0.81;999.7;NaN;NaN
0;4;7.0;0.84;1003.9;NaN;NaN
1;4;9.2;0.64;1006.7;177.5;175.75
1;4;7.6;0.67;1007.9;162.25;159.5
0;4;7.7;0.59;1004.0;192.75;183.25
0;4;9.5;0.7;1001.6;198.5;184.0
0;4;11.4;0.69;1003.2;221.0;201.25
0;4;11.1;0.74;1000.5;217.5;200.25
0;4;13.2;0.62;998.2;165.25;162.75
1;4;19.2;0.38;999.3;155.5;154.75
1;4;15.0;0.71;1000.4;159.0;158.75
1;4;14.9;0.73;999.3;163.0;160.75
0;4;14.0;0.63;998.6;193.75;183.0
0;4;14.8;0.61;997.0;207.25;187.25
0;4;12.0;0.79;997.3;226.25;200.25
0;4;12.0;0.91;995.4;185.75;180.25
1;4;13.8;0.85;991.2;192.0;210.25
1;5;12.2;0.88;993.0;167.25;167.75
0;5;12.7;0.81;991.0;197.5;188.75
0;5;10.0;0.77;997.1;201.75;186.25
0;5;5.8;0.84;1005.1;187.0;182.5
0;5;7.4;0.72;1011.7;199.432234432;192.054744526
0;5;9.6;0.67;1010.3;186.378723404;180.358649789
1;5;11.0;0.63;1005.4;170.975308642;165.589211618
1;5;8.9;0.78;1011.2;170.091666667;170.76446281
0;5;14.5;0.61;1011.3;188.75;182.25
0;5;13.1;0.72;1008.4;197.5;191.0
0;5;14.3;0.67;1003.5;206.25;204.5
0;5;16.4;0.69;999.1;206.5;203.0
0;5;17.4;0.74;1004.5;NaN;NaN
1;5;16.9;0.6;997.5;214.25;214.25
1;5;10.2;0.85;1002.8;213.358974359;212.991701245
0;5;12.6;0.66;1006.7;206.180995475;193.981651376
0;5;15.7;0.64;1005.8;219.291304348;194.439655172
0;5;14.9;0.79;1004.4;198.845454545;184.540178571
0;5;16.4;0.73;1002.7;224.431111111;200.383966245
0;5;18.1;0.8;1002.9;183.034782609;184.054298643
1;5;16.1;0.85;1004.8;180.338383838;176.89119171
1;5;16.6;0.87;1003.7;177.40625;168.164705882
0;5;18.9;0.88;1007.2;222.331818182;207.254545455
0;5;18.6;0.75;1004.7;214.686098655;202.852678571
0;5;18.0;0.52;1007.4;202.0;193.0
0;5;17.1;0.67;1000.4;204.703539823;197.352422907
0;5;21.3;0.67;995.0;196.995708155;191.708860759
1;5;13.6;0.89;1002.0;168.449781659;165.103448276
1;5;13.8;0.75;1005.0;164.567099567;168.274678112
0;5;17.5;0.7;1002.5;214.206896552;205.343220339
0;5;19.0;0.84;997.7;199.564655172;200.666666667
