Podaci 15-minutnih optereæenja za: 15.6.2011.
 Vrijeme   Interval  P15(kW)  Q15(kVAr)
00:00:03,       0,     154,      14
00:00:19,       0,     155,      15
00:00:34,       0,     160,      16
00:00:48,       0,     166,      17
00:01:03,       0,     171,      17
00:01:19,       0,     166,      17
00:01:34,       0,     166,      17
00:01:50,       0,     173,      17
00:02:03,       0,     170,      17
00:02:21,       0,     169,      17
00:02:35,       0,     167,      17
00:02:48,       0,     170,      16
00:03:04,       0,     169,      15
00:03:22,       0,     168,      16
00:03:41,       0,     168,      16
00:03:58,       0,     165,      16
00:04:13,       0,     164,      15
00:04:29,       0,     167,      16
00:04:43,       0,     170,      17
00:04:59,       0,     170,      17
00:05:17,       0,     169,      17
00:05:32,       0,     168,      16
00:05:46,       0,     162,      16
00:06:00,       0,     164,      16
00:06:14,       0,     169,      17
00:06:28,       0,     167,      17
00:06:42,       0,     168,      17
00:06:56,       0,     167,      17
00:07:11,       0,     168,      17
00:07:25,       0,     164,      18
00:07:40,       0,     165,      17
00:07:54,       0,     166,      17
00:08:08,       0,     168,      17
00:08:21,       0,     166,      16
00:08:35,       0,     169,      16
00:08:48,       0,     171,      16
00:09:10,       0,     165,      16
00:09:30,       0,     168,      17
00:09:49,       0,     167,      17
00:10:07,       0,     169,      17
00:10:22,       0,     168,      17
00:10:37,       0,     170,      17
00:10:53,       0,     170,      17
00:11:10,       0,     172,      17
00:11:26,       0,     170,      17
00:11:40,       0,     169,      16
00:11:54,       0,     170,      17
00:12:09,       0,     175,      17
00:12:23,       0,     177,      17
00:12:38,       0,     176,      17
00:12:52,       0,     179,      17
00:13:08,       0,     174,      18
00:13:22,       0,     171,      18
00:13:37,       0,     170,      18
00:13:50,       0,     168,      18
00:14:07,       0,     165,      18
00:14:21,       0,     163,      18
00:14:35,       0,     165,      18
00:14:53,       0,     167,      18
00:15:12,       1,     166,      17
00:15:34,       1,     166,      17
00:15:56,       1,     162,      16
00:16:13,       1,     168,      16
00:16:30,       1,     161,      16
00:16:45,       1,     160,      15
00:17:00,       1,     158,      15
00:17:16,       1,     161,      15
00:17:31,       1,     165,      15
00:17:46,       1,     163,      15
00:18:00,       1,     165,      15
00:18:17,       1,     164,      15
00:18:35,       1,     166,      15
00:18:51,       1,     170,      15
00:19:07,       1,     170,      15
00:19:22,       1,     163,      16
00:19:37,       1,     167,      19
00:19:53,       1,     169,      19
00:20:09,       1,     169,      19
00:20:23,       1,     167,      19
00:20:39,       1,     168,      19
00:20:54,       1,     169,      20
00:21:10,       1,     167,      20
00:21:26,       1,     168,      21
00:21:41,       1,     170,      21
00:21:57,       1,     172,      22
00:22:13,       1,     175,      21
00:22:28,       1,     170,      21
00:22:45,       1,     173,      22
00:23:04,       1,     178,      22
00:23:20,       1,     175,      22
00:23:37,       1,     174,      23
00:23:53,       1,     174,      22
00:24:07,       1,     171,      22
00:24:21,       1,     170,      21
00:24:36,       1,     171,      21
00:24:50,       1,     171,      21
00:25:04,       1,     169,      20
00:25:19,       1,     169,      20
00:25:34,       1,     173,      21
00:25:52,       1,     170,      19
00:26:07,       1,     166,      17
00:26:23,       1,     167,      17
00:26:39,       1,     170,      17
00:26:53,       1,     171,      16
00:27:08,       1,     169,      16
00:27:23,       1,     169,      17
00:27:38,       1,     167,      16
00:27:52,       1,     162,      16
00:28:07,       1,     162,      15
00:28:21,       1,     162,      15
00:28:34,       1,     160,      16
00:28:48,       1,     161,      16
00:29:03,       1,     166,      17
00:29:19,       1,     164,      18
00:29:33,       1,     166,      18
00:29:47,       1,     160,      17
00:30:01,       2,     161,      18
00:30:16,       2,     163,      18
00:30:31,       2,     166,      18
00:30:46,       2,     166,      18
00:31:02,       2,     171,      17
00:31:18,       2,     178,      17
00:31:33,       2,     169,      17
00:31:47,       2,     165,      17
00:32:00,       2,     166,      17
00:32:15,       2,     169,      17
00:32:29,       2,     166,      17
00:32:43,       2,     165,      17
00:32:58,       2,     169,      17
00:33:12,       2,     166,      17
00:33:26,       2,     165,      17
00:33:41,       2,     162,      15
00:33:56,       2,     165,      15
00:34:10,       2,     167,      16
00:34:26,       2,     170,      16
00:34:41,       2,     170,      16
00:34:57,       2,     172,      16
00:35:14,       2,     180,      15
00:35:33,       2,     176,      15
00:35:49,       2,     177,      16
00:36:05,       2,     171,      15
00:36:25,       2,     171,      15
00:36:43,       2,     171,      15
00:36:58,       2,     169,      15
00:37:13,       2,     168,      16
00:37:27,       2,     172,      17
00:37:41,       2,     170,      17
00:37:57,       2,     169,      16
00:38:12,       2,     168,      17
00:38:26,       2,     166,      17
00:38:42,       2,     170,      18
00:38:57,       2,     173,      18
00:39:13,       2,     170,      18
00:39:28,       2,     168,      18
00:39:45,       2,     164,      18
00:40:05,       2,     163,      18
00:40:22,       2,     165,      18
00:40:38,       2,     164,      18
00:40:53,       2,     161,      18
00:41:08,       2,     160,      18
00:41:25,       2,     161,      19
00:41:39,       2,     163,      19
00:41:54,       2,     163,      19
00:42:10,       2,     164,      19
00:42:25,       2,     170,      18
00:42:41,       2,     172,      19
00:42:57,       2,     167,      20
00:43:14,       2,     169,      19
00:43:31,       2,     177,      19
00:43:46,       2,     178,      19
00:44:02,       2,     169,      19
00:44:18,       2,     168,      19
00:44:34,       2,     167,      17
00:44:49,       2,     166,      17
00:45:05,       3,     169,      18
00:45:20,       3,     169,      18
00:45:35,       3,     168,      18
00:45:48,       3,     174,      18
00:46:02,       3,     173,      19
00:46:16,       3,     173,      20
00:46:30,       3,     173,      20
00:46:45,       3,     172,      23
00:47:01,       3,     175,      23
00:47:16,       3,     173,      23
00:47:30,       3,     176,      23
00:47:47,       3,     179,      23
00:48:02,       3,     173,      23
00:48:18,       3,     172,      23
00:48:33,       3,     172,      23
00:48:48,       3,     171,      22
00:49:04,       3,     174,      22
00:49:21,       3,     173,      22
00:49:36,       3,     173,      22
00:49:49,       3,     174,      23
00:50:03,       3,     176,      23
00:50:18,       3,     176,      23
00:50:31,       3,     174,      22
00:50:46,       3,     170,      22
00:51:03,       3,     170,      22
00:51:19,       3,     169,      21
00:51:34,       3,     171,      21
00:51:48,       3,     171,      21
00:52:01,       3,     170,      21
00:52:16,       3,     168,      20
00:52:30,       3,     170,      20
00:52:44,       3,     165,      18
00:52:57,       3,     163,      16
00:53:12,       3,     163,      16
00:53:25,       3,     164,      16
00:53:39,       3,     165,      17
00:53:53,       3,     172,      17
00:54:08,       3,     169,      18
00:54:21,       3,     169,      18
00:54:35,       3,     170,      18
00:54:50,       3,     169,      18
00:55:04,       3,     169,      18
00:55:19,       3,     169,      18
00:55:33,       3,     171,      18
00:55:46,       3,     175,      18
00:56:01,       3,     174,      18
00:56:17,       3,     170,      18
00:56:31,       3,     166,      18
00:56:45,       3,     165,      18
00:57:00,       3,     166,      17
00:57:14,       3,     166,      17
00:57:28,       3,     172,      17
00:57:43,       3,     170,      18
00:57:58,       3,     166,      18
00:58:13,       3,     168,      18
00:58:27,       3,     168,      17
00:58:43,       3,     167,      17
00:59:00,       3,     168,      17
00:59:19,       3,     171,      17
00:59:35,       3,     165,      17
00:59:50,       3,     164,      16
01:00:03,       4,     164,      16
01:00:19,       4,     165,      16
01:00:34,       4,     162,      16
01:00:48,       4,     165,      16
01:01:01,       4,     163,      16
01:01:16,       4,     163,      15
01:01:30,       4,     165,      15
01:01:45,       4,     163,      15
01:01:59,       4,     162,      15
01:02:14,       4,     162,      15
01:02:29,       4,     165,      15
01:02:50,       4,     164,      15
01:03:08,       4,     162,      15
01:03:25,       4,     163,      16
01:03:44,       4,     169,      16
01:04:01,       4,     170,      16
01:04:16,       4,     169,      15
01:04:31,       4,     171,      15
01:04:45,       4,     167,      16
01:04:59,       4,     172,      16
01:05:13,       4,     174,      15
01:05:28,       4,     163,      15
01:05:42,       4,     165,      15
01:05:56,       4,     167,      15
01:06:12,       4,     163,      15
01:06:26,       4,     164,      14
01:06:41,       4,     165,      14
01:06:55,       4,     165,      14
01:07:13,       4,     164,      14
01:07:28,       4,     168,      15
01:07:45,       4,     176,      15
01:08:00,       4,     173,      16
01:08:16,       4,     173,      16
01:08:31,       4,     174,      15
01:08:46,       4,     173,      16
01:09:01,       4,     170,      16
01:09:19,       4,     170,      16
01:09:38,       4,     167,      16
01:09:55,       4,     167,      16
01:10:10,       4,     168,      17
01:10:24,       4,     170,      17
01:10:39,       4,     166,      16
01:10:53,       4,     169,      16
01:11:08,       4,     167,      17
01:11:24,       4,     163,      17
01:11:39,       4,     165,      17
01:11:55,       4,     167,      17
01:12:12,       4,     168,      17
01:12:28,       4,     171,      16
01:12:43,       4,     173,      16
01:12:56,       4,     164,      16
01:13:12,       4,     165,      15
01:13:27,       4,     166,      18
01:13:42,       4,     165,      20
01:13:57,       4,     165,      20
01:14:13,       4,     169,      20
01:14:28,       4,     170,      20
01:14:45,       4,     167,      20
01:15:03,       5,     167,      21
01:15:21,       5,     168,      21
01:15:38,       5,     167,      21
01:15:57,       5,     173,      21
01:16:12,       5,     169,      21
01:16:33,       5,     171,      20
01:16:50,       5,     169,      20
01:17:10,       5,     165,      19
01:17:28,       5,     166,      19
01:17:46,       5,     172,      19
01:18:00,       5,     168,      19
01:18:16,       5,     165,      20
01:18:30,       5,     165,      20
01:18:46,       5,     164,      20
01:19:01,       5,     163,      20
01:19:16,       5,     166,      20
01:19:30,       5,     162,      16
01:19:44,       5,     161,      16
01:19:59,       5,     160,      16
01:20:15,       5,     163,      16
01:20:29,       5,     158,      16
01:20:43,       5,     157,      15
01:20:57,       5,     161,      16
01:21:14,       5,     161,      15
01:21:28,       5,     156,      15
01:21:42,       5,     155,      15
01:21:56,       5,     157,      16
01:22:13,       5,     159,      17
01:22:30,       5,     163,      16
01:22:47,       5,     161,      16
01:23:04,       5,     156,      16
01:23:19,       5,     156,      15
01:23:33,       5,     155,      15
01:23:47,       5,     156,      15
01:24:02,       5,     163,      15
01:24:17,       5,     157,      15
01:24:32,       5,     156,      15
01:24:46,       5,     159,      15
01:24:59,       5,     160,      15
01:25:15,       5,     161,      15
01:25:28,       5,     159,      15
01:25:45,       5,     160,      14
01:25:59,       5,     160,      14
01:26:13,       5,     165,      14
01:26:30,       5,     162,      14
01:26:45,       5,     162,      14
01:27:04,       5,     166,      15
01:27:24,       5,     166,      16
01:27:42,       5,     166,      17
01:27:59,       5,     172,      17
01:28:14,       5,     171,      18
01:28:29,       5,     166,      18
01:28:43,       5,     167,      18
01:28:56,       5,     168,      18
01:29:11,       5,     168,      18
01:29:25,       5,     170,      19
01:29:39,       5,     167,      18
01:29:56,       5,     169,      18
01:30:13,       6,     168,      17
01:30:31,       6,     167,      18
01:30:50,       6,     167,      18
01:31:08,       6,     167,      18
01:31:22,       6,     171,      17
01:31:37,       6,     175,      17
01:31:52,       6,     174,      17
01:32:06,       6,     172,      17
01:32:20,       6,     169,      17
01:32:34,       6,     166,      16
01:32:48,       6,     165,      16
01:33:02,       6,     165,      16
01:33:18,       6,     163,      15
01:33:32,       6,     164,      15
01:33:46,       6,     160,      15
01:34:00,       6,     160,      15
01:34:16,       6,     159,      14
01:34:30,       6,     160,      13
01:34:43,       6,     164,      13
01:34:57,       6,     165,      14
01:35:12,       6,     163,      14
01:35:27,       6,     167,      14
01:35:40,       6,     163,      14
01:35:54,       6,     164,      14
01:36:08,       6,     170,      14
01:36:23,       6,     171,      14
01:36:37,       6,     166,      14
01:36:51,       6,     169,      14
01:37:07,       6,     164,      15
01:37:20,       6,     165,      15
01:37:35,       6,     166,      15
01:37:48,       6,     165,      15
01:38:02,       6,     164,      15
01:38:16,       6,     167,      15
01:38:31,       6,     168,      15
01:38:46,       6,     164,      15
01:39:00,       6,     165,      15
01:39:15,       6,     169,      16
01:39:29,       6,     165,      16
01:39:43,       6,     167,      20
01:39:57,       6,     171,      20
01:40:14,       6,     174,      20
01:40:34,       6,     169,      19
01:40:50,       6,     169,      19
01:41:05,       6,     165,      19
01:41:19,       6,     162,      19
01:41:33,       6,     165,      19
01:41:47,       6,     170,      19
01:42:02,       6,     170,      19
01:42:19,       6,     167,      18
01:42:34,       6,     169,      18
01:42:48,       6,     168,      18
01:43:03,       6,     169,      19
01:43:20,       6,     168,      19
01:43:35,       6,     171,      19
01:43:53,       6,     168,      19
01:44:12,       6,     168,      18
01:44:27,       6,     166,      17
01:44:42,       6,     164,      18
01:44:55,       6,     162,      18
01:45:10,       7,     166,      18
01:45:27,       7,     171,      18
01:45:40,       7,     162,      15
01:45:57,       7,     162,      15
01:46:14,       7,     161,      14
01:46:30,       7,     163,      15
01:46:43,       7,     168,      15
01:46:59,       7,     168,      16
01:47:15,       7,     162,      16
01:47:34,       7,     159,      16
01:47:51,       7,     160,      17
01:48:09,       7,     165,      18
01:48:25,       7,     164,      17
01:48:40,       7,     162,      17
01:48:54,       7,     162,      17
01:49:09,       7,     159,      16
01:49:23,       7,     157,      15
01:49:37,       7,     161,      15
01:49:51,       7,     164,      15
01:50:06,       7,     167,      15
01:50:20,       7,     166,      15
01:50:34,       7,     163,      14
01:50:49,       7,     159,      14
01:51:04,       7,     157,      14
01:51:19,       7,     158,      14
01:51:33,       7,     158,      13
01:51:47,       7,     158,      13
01:52:01,       7,     165,      13
01:52:15,       7,     168,      13
01:52:30,       7,     161,      14
01:52:43,       7,     161,      14
01:53:00,       7,     162,      15
01:53:17,       7,     162,      15
01:53:33,       7,     162,      15
01:53:48,       7,     166,      16
01:54:01,       7,     170,      16
01:54:18,       7,     169,      15
01:54:34,       7,     168,      15
01:54:50,       7,     164,      15
01:55:09,       7,     164,      16
01:55:25,       7,     170,      16
01:55:38,       7,     166,      16
01:55:52,       7,     164,      15
01:56:07,       7,     166,      15
01:56:22,       7,     162,      15
01:56:37,       7,     162,      15
01:56:51,       7,     162,      16
01:57:05,       7,     162,      15
01:57:19,       7,     165,      15
01:57:33,       7,     164,      16
01:57:47,       7,     161,      16
01:58:00,       7,     167,      16
01:58:16,       7,     168,      17
01:58:30,       7,     166,      18
01:58:44,       7,     167,      18
01:58:58,       7,     167,      18
01:59:12,       7,     166,      17
01:59:27,       7,     164,      17
01:59:42,       7,     162,      16
01:59:58,       7,     165,      16
02:00:12,       8,     163,      15
02:00:27,       8,     161,      15
02:00:41,       8,     165,      14
02:00:56,       8,     163,      14
02:01:10,       8,     162,      14
02:01:24,       8,     160,      15
02:01:38,       8,     162,      15
02:01:52,       8,     164,      15
02:02:06,       8,     160,      15
02:02:20,       8,     167,      16
02:02:34,       8,     165,      16
02:02:50,       8,     163,      16
02:03:09,       8,     162,      15
02:03:25,       8,     157,      14
02:03:41,       8,     159,      14
02:03:58,       8,     166,      14
02:04:15,       8,     163,      14
02:04:28,       8,     155,      14
02:04:43,       8,     155,      14
02:05:01,       8,     156,      14
02:05:18,       8,     154,      14
02:05:33,       8,     158,      15
02:05:49,       8,     160,      17
02:06:06,       8,     164,      19
02:06:25,       8,     165,      19
02:06:44,       8,     166,      19
02:07:01,       8,     167,      19
02:07:18,       8,     167,      20
02:07:35,       8,     172,      20
02:07:51,       8,     169,      21
02:08:09,       8,     171,      21
02:08:27,       8,     171,      21
02:08:43,       8,     167,      19
02:08:59,       8,     168,      19
02:09:15,       8,     172,      20
02:09:30,       8,     171,      20
02:09:45,       8,     165,      21
02:10:00,       8,     166,      21
02:10:15,       8,     167,      22
02:10:31,       8,     167,      22
02:10:44,       8,     170,      21
02:10:59,       8,     170,      20
02:11:14,       8,     164,      20
02:11:29,       8,     164,      19
02:11:45,       8,     164,      18
02:11:58,       8,     164,      15
02:12:16,       8,     163,      14
02:12:33,       8,     161,      14
02:12:51,       8,     165,      14
02:13:09,       8,     168,      14
02:13:25,       8,     161,      14
02:13:42,       8,     161,      14
02:13:57,       8,     161,      15
02:14:12,       8,     165,      15
02:14:28,       8,     162,      15
02:14:43,       8,     161,      14
02:14:56,       8,     162,      14
02:15:10,       9,     160,      14
02:15:26,       9,     159,      14
02:15:39,       9,     159,      14
02:15:53,       9,     164,      14
02:16:08,       9,     166,      15
02:16:23,       9,     164,      15
02:16:39,       9,     168,      15
02:16:54,       9,     168,      15
02:17:10,       9,     164,      15
02:17:26,       9,     165,      15
02:17:44,       9,     170,      15
02:18:01,       9,     166,      15
02:18:18,       9,     168,      16
02:18:33,       9,     169,      16
02:18:47,       9,     168,      16
02:19:01,       9,     169,      15
02:19:15,       9,     170,      15
02:19:30,       9,     172,      15
02:19:45,       9,     166,      15
02:20:03,       9,     170,      15
02:20:21,       9,     172,      14
02:20:36,       9,     170,      14
02:20:54,       9,     170,      13
02:21:13,       9,     167,      14
02:21:27,       9,     164,      14
02:21:42,       9,     163,      14
02:21:55,       9,     163,      14
02:22:10,       9,     166,      14
02:22:23,       9,     168,      14
02:22:39,       9,     166,      14
02:22:54,       9,     170,      14
02:23:08,       9,     169,      14
02:23:22,       9,     162,      13
02:23:36,       9,     161,      14
02:23:51,       9,     163,      14
02:24:05,       9,     166,      14
02:24:20,       9,     170,      14
02:24:37,       9,     159,      14
02:24:55,       9,     159,      14
02:25:13,       9,     160,      14
02:25:30,       9,     159,      14
02:25:46,       9,     157,      14
02:26:01,       9,     156,      13
02:26:18,       9,     159,      14
02:26:33,       9,     164,      15
02:26:49,       9,     167,      15
02:27:03,       9,     167,      16
02:27:19,       9,     162,      15
02:27:35,       9,     166,      15
02:27:51,       9,     166,      15
02:28:05,       9,     169,      16
02:28:19,       9,     161,      15
02:28:33,       9,     158,      15
02:28:48,       9,     157,      15
02:29:03,       9,     158,      15
02:29:18,       9,     159,      15
02:29:35,       9,     159,      14
02:29:51,       9,     161,      14
02:30:06,      10,     158,      14
02:30:22,      10,     157,      14
02:30:37,      10,     156,      14
02:30:57,      10,     160,      15
02:31:13,      10,     161,      15
02:31:27,      10,     163,      16
02:31:47,      10,     164,      15
02:32:03,      10,     163,      18
02:32:20,      10,     166,      20
02:32:39,      10,     165,      21
02:32:55,      10,     169,      21
02:33:12,      10,     169,      21
02:33:27,      10,     166,      21
02:33:42,      10,     167,      21
02:33:56,      10,     167,      22
02:34:12,      10,     167,      21
02:34:26,      10,     172,      21
02:34:41,      10,     168,      21
02:34:55,      10,     167,      21
02:35:10,      10,     167,      21
02:35:25,      10,     173,      21
02:35:40,      10,     176,      21
02:35:56,      10,     176,      21
02:36:12,      10,     181,      21
02:36:29,      10,     177,      21
02:36:48,      10,     171,      21
02:37:07,      10,     170,      21
02:37:22,      10,     168,      21
02:37:36,      10,     168,      21
02:37:50,      10,     169,      20
02:38:05,      10,     166,      16
02:38:19,      10,     164,      16
02:38:33,      10,     165,      17
02:38:53,      10,     164,      17
02:39:13,      10,     166,      17
02:39:31,      10,     171,      18
02:39:45,      10,     170,      18
02:40:00,      10,     167,      18
02:40:16,      10,     167,      17
02:40:31,      10,     169,      17
02:40:46,      10,     168,      17
02:41:01,      10,     164,      17
02:41:16,      10,     164,      17
02:41:31,      10,     168,      17
02:41:44,      10,     165,      17
02:42:02,      10,     164,      17
02:42:18,      10,     163,      17
02:42:34,      10,     163,      17
02:42:51,      10,     164,      17
02:43:05,      10,     172,      17
02:43:24,      10,     165,      18
02:43:41,      10,     165,      18
02:43:59,      10,     167,      16
02:44:15,      10,     167,      16
02:44:32,      10,     166,      16
02:44:48,      10,     163,      16
02:45:04,      11,     167,      17
02:45:19,      11,     167,      17
02:45:36,      11,     163,      17
02:45:52,      11,     161,      17
02:46:07,      11,     161,      17
02:46:22,      11,     164,      16
02:46:35,      11,     160,      16
02:46:49,      11,     163,      16
02:47:04,      11,     164,      17
02:47:18,      11,     165,      17
02:47:33,      11,     165,      18
02:47:46,      11,     167,      17
02:48:00,      11,     169,      17
02:48:15,      11,     168,      16
02:48:31,      11,     165,      15
02:48:48,      11,     168,      15
02:49:05,      11,     164,      15
02:49:22,      11,     160,      14
02:49:37,      11,     159,      14
02:49:53,      11,     165,      14
02:50:11,      11,     162,      14
02:50:30,      11,     162,      14
02:50:46,      11,     162,      14
02:51:01,      11,     160,      14
02:51:17,      11,     158,      14
02:51:32,      11,     157,      13
02:51:47,      11,     156,      12
02:52:01,      11,     160,      12
02:52:16,      11,     160,      12
02:52:32,      11,     160,      12
02:52:46,      11,     156,      11
02:53:00,      11,     155,      12
02:53:14,      11,     156,      12
02:53:30,      11,     160,      12
02:53:44,      11,     156,      12
02:54:01,      11,     156,      12
02:54:19,      11,     158,      12
02:54:35,      11,     165,      12
02:54:51,      11,     158,      13
02:55:05,      11,     154,      12
02:55:19,      11,     155,      13
02:55:35,      11,     155,      13
02:55:48,      11,     156,      13
02:56:01,      11,     161,      13
02:56:15,      11,     160,      13
02:56:32,      11,     157,      13
02:56:49,      11,     154,      13
02:57:07,      11,     157,      13
02:57:22,      11,     154,      14
02:57:37,      11,     153,      13
02:57:54,      11,     153,      13
02:58:11,      11,     159,      13
02:58:25,      11,     158,      15
02:58:39,      11,     158,      17
02:58:55,      11,     161,      18
02:59:11,      11,     164,      18
02:59:28,      11,     170,      18
02:59:42,      11,     163,      17
02:59:55,      11,     163,      18
03:00:10,      12,     167,      18
03:00:25,      12,     169,      18
03:00:39,      12,     163,      17
03:00:55,      12,     162,      17
03:01:12,      12,     162,      17
03:01:29,      12,     162,      17
03:01:47,      12,     162,      17
03:02:03,      12,     166,      17
03:02:21,      12,     162,      17
03:02:38,      12,     163,      17
03:02:53,      12,     162,      17
03:03:11,      12,     160,      17
03:03:28,      12,     160,      17
03:03:43,      12,     163,      17
03:04:00,      12,     166,      17
03:04:17,      12,     170,      18
03:04:35,      12,     157,      14
03:04:52,      12,     154,      13
03:05:07,      12,     155,      14
03:05:22,      12,     155,      14
03:05:37,      12,     157,      15
03:05:51,      12,     160,      15
03:06:05,      12,     158,      14
03:06:19,      12,     156,      13
03:06:34,      12,     156,      13
03:06:48,      12,     157,      14
03:07:07,      12,     160,      15
03:07:24,      12,     155,      14
03:07:41,      12,     156,      15
03:07:56,      12,     159,      15
03:08:11,      12,     165,      16
03:08:26,      12,     165,      16
03:08:46,      12,     162,      14
03:09:04,      12,     161,      14
03:09:19,      12,     161,      14
03:09:35,      12,     165,      14
03:09:51,      12,     158,      14
03:10:05,      12,     158,      14
03:10:19,      12,     163,      14
03:10:35,      12,     163,      14
03:10:51,      12,     161,      14
03:11:10,      12,     161,      14
03:11:26,      12,     162,      14
03:11:41,      12,     162,      14
03:11:55,      12,     162,      14
03:12:11,      12,     167,      14
03:12:28,      12,     171,      14
03:12:47,      12,     171,      14
03:13:06,      12,     162,      13
03:13:23,      12,     167,      13
03:13:41,      12,     164,      13
03:13:59,      12,     164,      14
03:14:17,      12,     164,      14
03:14:34,      12,     163,      14
03:14:53,      12,     164,      14
03:15:11,      13,     161,      13
03:15:28,      13,     158,      13
03:15:45,      13,     158,      13
03:16:00,      13,     161,      14
03:16:17,      13,     164,      14
03:16:33,      13,     163,      14
03:16:51,      13,     162,      13
03:17:05,      13,     166,      13
03:17:20,      13,     165,      13
03:17:35,      13,     159,      12
03:17:49,      13,     160,      13
03:18:04,      13,     162,      12
03:18:18,      13,     161,      12
03:18:32,      13,     159,      13
03:18:45,      13,     161,      13
03:19:01,      13,     161,      13
03:19:18,      13,     161,      14
03:19:32,      13,     163,      14
03:19:47,      13,     158,      14
03:20:02,      13,     158,      13
03:20:20,      13,     160,      13
03:20:39,      13,     162,      13
03:20:54,      13,     169,      14
03:21:11,      13,     162,      14
03:21:29,      13,     157,      13
03:21:43,      13,     156,      13
03:21:58,      13,     155,      13
03:22:14,      13,     154,      13
03:22:29,      13,     160,      13
03:22:45,      13,     164,      14
03:23:01,      13,     160,      14
03:23:18,      13,     160,      14
03:23:34,      13,     157,      14
03:23:49,      13,     156,      15
03:24:06,      13,     156,      15
03:24:22,      13,     161,      15
03:24:38,      13,     170,      18
03:24:52,      13,     164,      18
03:25:08,      13,     163,      18
03:25:24,      13,     164,      18
03:25:38,      13,     164,      18
03:25:52,      13,     164,      18
03:26:07,      13,     165,      17
03:26:21,      13,     164,      17
03:26:37,      13,     160,      16
03:26:51,      13,     159,      16
03:27:05,      13,     160,      16
03:27:20,      13,     162,      16
03:27:36,      13,     163,      16
03:27:52,      13,     166,      16
03:28:06,      13,     164,      17
03:28:24,      13,     171,      17
03:28:42,      13,     166,      17
03:29:02,      13,     166,      17
03:29:18,      13,     165,      16
03:29:34,      13,     169,      16
03:29:49,      13,     166,      16
03:30:03,      14,     165,      17
03:30:19,      14,     165,      17
03:30:34,      14,     161,      13
03:30:48,      14,     159,      12
03:31:05,      14,     164,      12
03:31:21,      14,     164,      12
03:31:35,      14,     162,      13
03:31:48,      14,     164,      13
03:32:03,      14,     167,      13
03:32:19,      14,     163,      13
03:32:35,      14,     164,      13
03:32:49,      14,     168,      13
03:33:04,      14,     161,      12
03:33:18,      14,     159,      11
03:33:32,      14,     156,      11
03:33:47,      14,     156,      11
03:34:01,      14,     156,      12
03:34:16,      14,     155,      13
03:34:31,      14,     158,      13
03:34:46,      14,     154,      13
03:35:05,      14,     155,      13
03:35:21,      14,     155,      13
03:35:36,      14,     157,      13
03:35:49,      14,     162,      13
03:36:06,      14,     163,      13
03:36:19,      14,     161,      13
03:36:37,      14,     164,      13
03:36:58,      14,     160,      13
03:37:15,      14,     158,      12
03:37:33,      14,     155,      11
03:37:51,      14,     159,      11
03:38:10,      14,     156,      11
03:38:28,      14,     156,      11
03:38:44,      14,     158,      11
03:38:59,      14,     157,      11
03:39:14,      14,     157,      11
03:39:28,      14,     163,      11
03:39:43,      14,     163,      11
03:39:56,      14,     159,      11
03:40:11,      14,     158,      11
03:40:27,      14,     157,      11
03:40:40,      14,     159,      11
03:40:54,      14,     160,      11
03:41:10,      14,     165,      11
03:41:24,      14,     161,      10
03:41:39,      14,     156,      10
03:41:54,      14,     157,      10
03:42:09,      14,     155,      10
03:42:23,      14,     152,       9
03:42:36,      14,     150,      10
03:42:50,      14,     153,      10
03:43:06,      14,     150,      10
03:43:23,      14,     154,      11
03:43:37,      14,     152,      10
03:43:53,      14,     151,      11
03:44:08,      14,     150,      10
03:44:22,      14,     154,      11
03:44:35,      14,     158,      11
03:44:48,      14,     156,      11
03:45:05,      15,     154,      11
03:45:23,      15,     156,      12
03:45:41,      15,     159,      12
03:45:58,      15,     160,      12
03:46:14,      15,     161,      12
03:46:29,      15,     160,      11
03:46:43,      15,     156,      10
03:46:59,      15,     158,      11
03:47:14,      15,     161,      11
03:47:31,      15,     157,      11
03:47:46,      15,     160,      11
03:48:01,      15,     157,      11
03:48:18,      15,     155,      12
03:48:33,      15,     158,      12
03:48:48,      15,     158,      12
03:49:05,      15,     156,      12
03:49:19,      15,     155,      12
03:49:34,      15,     154,      11
03:49:50,      15,     155,      11
03:50:04,      15,     155,      11
03:50:19,      15,     155,      11
03:50:34,      15,     155,      11
03:50:47,      15,     154,      11
03:51:02,      15,     160,      15
03:51:18,      15,     161,      16
03:51:33,      15,     158,      16
03:51:51,      15,     157,      17
03:52:07,      15,     156,      16
03:52:22,      15,     156,      16
03:52:38,      15,     163,      16
03:52:53,      15,     166,      17
03:53:10,      15,     168,      17
03:53:24,      15,     172,      16
03:53:39,      15,     167,      16
03:53:55,      15,     165,      16
03:54:11,      15,     165,      16
03:54:26,      15,     163,      16
03:54:40,      15,     170,      16
03:54:54,      15,     168,      16
03:55:10,      15,     166,      16
03:55:28,      15,     162,      16
03:55:47,      15,     160,      16
03:56:04,      15,     160,      15
03:56:21,      15,     160,      15
03:56:35,      15,     164,      15
03:56:50,      15,     164,      14
03:57:05,      15,     158,      11
03:57:20,      15,     158,      11
03:57:34,      15,     158,      11
03:57:53,      15,     156,      11
03:58:08,      15,     155,      10
03:58:24,      15,     160,      10
03:58:39,      15,     153,      10
03:58:55,      15,     152,      10
03:59:10,      15,     152,      10
03:59:27,      15,     153,      10
03:59:42,      15,     157,      11
03:59:58,      15,     159,      11
04:00:14,      16,     154,      12
04:00:29,      16,     154,      12
04:00:44,      16,     157,      12
04:01:00,      16,     158,      12
04:01:16,      16,     155,      12
04:01:30,      16,     152,      13
04:01:45,      16,     161,      13
04:02:01,      16,     161,      13
04:02:18,      16,     157,      13
04:02:33,      16,     156,      14
04:02:48,      16,     158,      14
04:03:02,      16,     158,      13
04:03:18,      16,     162,      13
04:03:33,      16,     157,      14
04:03:48,      16,     156,      14
04:04:02,      16,     159,      14
04:04:19,      16,     163,      14
04:04:35,      16,     164,      14
04:04:50,      16,     163,      14
04:05:05,      16,     166,      14
04:05:21,      16,     162,      14
04:05:35,      16,     159,      14
04:05:50,      16,     165,      13
04:06:05,      16,     160,      13
04:06:22,      16,     158,      12
04:06:40,      16,     160,      12
04:06:55,      16,     157,      10
04:07:12,      16,     156,      10
04:07:29,      16,     156,      10
04:07:47,      16,     156,      10
04:08:07,      16,     157,      11
04:08:23,      16,     160,      11
04:08:37,      16,     161,      11
04:08:52,      16,     162,      11
04:09:08,      16,     162,      11
04:09:22,      16,     157,      11
04:09:37,      16,     159,      10
04:09:52,      16,     158,      10
04:10:08,      16,     160,      10
04:10:22,      16,     156,      10
04:10:37,      16,     154,      10
04:10:52,      16,     154,      10
04:11:07,      16,     156,      10
04:11:21,      16,     156,      10
04:11:36,      16,     156,      10
04:11:50,      16,     159,       9
04:12:06,      16,     156,       9
04:12:21,      16,     153,      10
04:12:37,      16,     152,       9
04:12:50,      16,     155,       9
04:13:04,      16,     156,       9
04:13:19,      16,     159,       9
04:13:38,      16,     158,       9
04:13:59,      16,     155,       9
04:14:18,      16,     154,       9
04:14:34,      16,     153,      10
04:14:52,      16,     154,      10
04:15:09,      17,     155,      10
04:15:25,      17,     159,      11
04:15:43,      17,     156,      11
04:16:01,      17,     154,      10
04:16:17,      17,     157,      10
04:16:32,      17,     158,      10
04:16:49,      17,     163,      10
04:17:07,      17,     165,      11
04:17:24,      17,     157,      12
04:17:40,      17,     157,      15
04:17:54,      17,     160,      16
04:18:09,      17,     163,      16
04:18:23,      17,     167,      16
04:18:39,      17,     164,      15
04:18:59,      17,     164,      15
04:19:18,      17,     164,      15
04:19:36,      17,     161,      15
04:19:54,      17,     162,      14
04:20:11,      17,     164,      14
04:20:25,      17,     160,      13
04:20:40,      17,     163,      13
04:20:55,      17,     168,      13
04:21:12,      17,     163,      13
04:21:26,      17,     157,      13
04:21:41,      17,     158,      14
04:21:58,      17,     158,      14
04:22:15,      17,     158,      13
04:22:28,      17,     162,      12
04:22:43,      17,     164,      12
04:22:56,      17,     166,      13
04:23:11,      17,     165,      13
04:23:26,      17,     162,      10
04:23:40,      17,     159,      10
04:23:55,      17,     158,      10
04:24:12,      17,     156,      10
04:24:25,      17,     156,      10
04:24:39,      17,     160,      10
04:24:54,      17,     158,      10
04:25:09,      17,     158,       9
04:25:22,      17,     155,       9
04:25:36,      17,     156,      10
04:25:50,      17,     158,      10
04:26:06,      17,     157,       9
04:26:20,      17,     155,       9
04:26:34,      17,     162,      10
04:26:50,      17,     165,       9
04:27:04,      17,     158,       9
04:27:18,      17,     158,      10
04:27:40,      17,     159,      10
04:27:59,      17,     153,       9
04:28:17,      17,     158,      10
04:28:34,      17,     156,      10
04:28:52,      17,     157,      10
04:29:09,      17,     158,       9
04:29:25,      17,     162,      10
04:29:44,      17,     157,      10
04:30:01,      18,     160,      11
04:30:19,      18,     162,      10
04:30:37,      18,     158,       9
04:30:56,      18,     155,       9
04:31:12,      18,     155,       9
04:31:31,      18,     156,       9
04:31:45,      18,     157,      10
04:32:00,      18,     164,      10
04:32:16,      18,     161,      10
04:32:30,      18,     159,      10
04:32:45,      18,     163,      11
04:32:59,      18,     161,      11
04:33:15,      18,     160,      11
04:33:29,      18,     161,      11
04:33:44,      18,     159,      12
04:33:59,      18,     158,      12
04:34:16,      18,     158,      13
04:34:29,      18,     160,      12
04:34:46,      18,     159,      12
04:35:02,      18,     156,      13
04:35:18,      18,     155,      13
04:35:31,      18,     157,      13
04:35:45,      18,     159,      13
04:36:02,      18,     155,      13
04:36:21,      18,     162,      13
04:36:39,      18,     159,      12
04:36:56,      18,     161,      10
04:37:13,      18,     167,      10
04:37:28,      18,     153,      10
04:37:45,      18,     154,      10
04:38:02,      18,     153,       9
04:38:19,      18,     153,       9
04:38:40,      18,     152,       8
04:38:58,      18,     151,       8
04:39:15,      18,     150,       7
04:39:31,      18,     155,       8
04:39:47,      18,     155,       8
04:40:02,      18,     158,       9
04:40:17,      18,     153,       9
04:40:33,      18,     155,       9
04:40:51,      18,     155,       9
04:41:08,      18,     155,       9
04:41:23,      18,     156,       9
04:41:41,      18,     154,       9
04:41:57,      18,     152,       9
04:42:14,      18,     152,       9
04:42:30,      18,     153,       9
04:42:44,      18,     153,       9
04:42:58,      18,     154,      10
04:43:13,      18,     157,      10
04:43:28,      18,     154,      10
04:43:41,      18,     153,      10
04:43:55,      18,     155,      11
04:44:09,      18,     158,      12
04:44:23,      18,     163,      16
04:44:38,      18,     157,      15
04:44:51,      18,     157,      15
04:45:05,      19,     159,      15
04:45:23,      19,     156,      15
04:45:38,      19,     152,      14
04:45:54,      19,     155,      15
04:46:13,      19,     157,      14
04:46:28,      19,     156,      14
04:46:46,      19,     160,      14
04:47:04,      19,     158,      14
04:47:20,      19,     156,      14
04:47:35,      19,     155,      15
04:47:50,      19,     159,      15
04:48:09,      19,     161,      15
04:48:26,      19,     157,      14
04:48:40,      19,     158,      14
04:48:55,      19,     160,      14
04:49:09,      19,     161,      15
04:49:26,      19,     162,      15
04:49:41,      19,     160,      14
04:49:56,      19,     165,      14
04:50:12,      19,     161,      12
04:50:27,      19,     165,      10
04:50:41,      19,     163,      10
04:50:55,      19,     159,      11
04:51:10,      19,     159,      10
04:51:26,      19,     160,      10
04:51:42,      19,     162,      10
04:51:55,      19,     158,      10
04:52:10,      19,     159,      10
04:52:24,      19,     157,      10
04:52:39,      19,     155,       9
04:52:56,      19,     157,       9
04:53:13,      19,     161,      10
04:53:31,      19,     157,      10
04:53:50,      19,     155,      10
04:54:07,      19,     160,      10
04:54:24,      19,     160,      10
04:54:41,      19,     157,      10
04:54:56,      19,     157,      10
04:55:12,      19,     163,      10
04:55:27,      19,     162,      10
04:55:42,      19,     154,      10
04:55:57,      19,     154,       9
04:56:13,      19,     153,      10
04:56:28,      19,     153,      10
04:56:43,      19,     157,      10
04:56:58,      19,     154,      10
04:57:14,      19,     156,      10
04:57:29,      19,     156,      10
04:57:44,      19,     160,      12
04:57:58,      19,     166,      12
04:58:13,      19,     162,      12
04:58:26,      19,     160,      12
04:58:40,      19,     164,      12
04:58:55,      19,     163,      14
04:59:10,      19,     159,      13
04:59:25,      19,     160,      13
04:59:40,      19,     161,      13
04:59:55,      19,     164,      13
05:00:15,      20,     163,      14
05:00:33,      20,     160,      15
05:00:49,      20,     159,      15
05:01:03,      20,     162,      15
05:01:19,      20,     164,      15
05:01:35,      20,     164,      16
05:01:55,      20,     165,      15
05:02:13,      20,     164,      15
05:02:29,      20,     161,      15
05:02:47,      20,     158,      14
05:03:01,      20,     158,      14
05:03:19,      20,     158,      13
05:03:36,      20,     160,      12
05:03:55,      20,     160,      12
05:04:12,      20,     156,      12
05:04:27,      20,     159,      12
05:04:46,      20,     156,      12
05:04:59,      20,     156,      13
05:05:14,      20,     161,      12
05:05:28,      20,     165,      12
05:05:42,      20,     156,      12
05:05:56,      20,     155,      12
05:06:11,      20,     153,      12
05:06:25,      20,     154,      11
05:06:40,      20,     152,      11
05:06:55,      20,     154,      11
05:07:10,      20,     157,      11
05:07:23,      20,     154,      11
05:07:38,      20,     156,      11
05:07:52,      20,     154,      11
05:08:05,      20,     153,      11
05:08:24,      20,     153,      11
05:08:38,      20,     158,      11
05:08:52,      20,     160,      11
05:09:06,      20,     167,      11
05:09:19,      20,     165,      12
05:09:33,      20,     160,      12
05:09:47,      20,     157,      13
05:10:03,      20,     157,      13
05:10:17,      20,     158,      13
05:10:31,      20,     161,      12
05:10:45,      20,     162,      16
05:10:59,      20,     163,      16
05:11:16,      20,     165,      16
05:11:34,      20,     166,      16
05:11:52,      20,     166,      16
05:12:08,      20,     168,      16
05:12:26,      20,     161,      17
05:12:41,      20,     163,      17
05:12:55,      20,     163,      16
05:13:11,      20,     163,      16
05:13:25,      20,     165,      16
05:13:39,      20,     163,      16
05:13:53,      20,     163,      15
05:14:09,      20,     162,      15
05:14:23,      20,     161,      16
05:14:37,      20,     161,      16
05:14:51,      20,     160,      16
05:15:08,      21,     161,      16
05:15:22,      21,     165,      16
05:15:39,      21,     164,      16
05:15:55,      21,     161,      16
05:16:12,      21,     161,      16
05:16:26,      21,     163,      16
05:16:42,      21,     157,      12
05:17:00,      21,     156,      11
05:17:16,      21,     162,      11
05:17:32,      21,     161,      11
05:17:47,      21,     156,      12
05:18:04,      21,     159,      12
05:18:20,      21,     158,      12
05:18:38,      21,     160,      12
05:18:56,      21,     159,      12
05:19:13,      21,     156,      12
05:19:28,      21,     156,      12
05:19:42,      21,     158,      12
05:19:57,      21,     159,      12
05:20:13,      21,     161,      12
05:20:27,      21,     156,      12
05:20:41,      21,     159,      12
05:20:56,      21,     161,      13
05:21:10,      21,     162,      13
05:21:24,      21,     161,      12
05:21:38,      21,     158,      12
05:21:52,      21,     160,      13
05:22:06,      21,     162,      13
05:22:22,      21,     159,      12
05:22:39,      21,     167,      13
05:22:55,      21,     163,      14
05:23:13,      21,     160,      14
05:23:29,      21,     160,      14
05:23:44,      21,     162,      13
05:23:59,      21,     165,      13
05:24:15,      21,     160,      13
05:24:31,      21,     159,      13
05:24:47,      21,     155,      13
05:25:03,      21,     156,      14
05:25:19,      21,     158,      13
05:25:34,      21,     154,      13
05:25:49,      21,     153,      14
05:26:03,      21,     153,      13
05:26:18,      21,     155,      14
05:26:32,      21,     154,      14
05:26:46,      21,     153,      15
05:27:01,      21,     153,      15
05:27:17,      21,     156,      16
05:27:35,      21,     159,      15
05:27:52,      21,     150,      14
05:28:09,      21,     151,      14
05:28:25,      21,     151,      14
05:28:42,      21,     150,      14
05:28:58,      21,     148,      13
05:29:14,      21,     152,      14
05:29:28,      21,     154,      14
05:29:43,      21,     150,      14
05:29:57,      21,     147,      12
05:30:13,      22,     147,      12
05:30:28,      22,     148,      13
05:30:43,      22,     146,      13
05:30:58,      22,     147,      13
05:31:12,      22,     154,      13
05:31:26,      22,     149,      13
05:31:40,      22,     153,      13
05:31:54,      22,     155,      13
05:32:09,      22,     150,      13
05:32:24,      22,     149,      12
05:32:39,      22,     148,      13
05:32:54,      22,     147,      12
05:33:09,      22,     147,      12
05:33:25,      22,     149,      12
05:33:39,      22,     149,      12
05:33:54,      22,     147,      11
05:34:09,      22,     146,      11
05:34:25,      22,     145,      10
05:34:38,      22,     150,      11
05:34:54,      22,     155,      11
05:35:11,      22,     150,      11
05:35:27,      22,     152,      17
05:35:41,      22,     154,      18
05:35:57,      22,     155,      18
05:36:12,      22,     162,      19
05:36:26,      22,     166,      19
05:36:40,      22,     163,      19
05:36:54,      22,     164,      19
05:37:09,      22,     167,      19
05:37:25,      22,     171,      23
05:37:39,      22,     169,      24
05:37:52,      22,     170,      24
05:38:07,      22,     170,      24
05:38:22,      22,     168,      23
05:38:37,      22,     167,      22
05:38:53,      22,     163,      22
05:39:07,      22,     163,      22
05:39:23,      22,     164,      22
05:39:38,      22,     164,      23
05:39:52,      22,     164,      23
05:40:07,      22,     164,      23
05:40:23,      22,     166,      24
05:40:38,      22,     167,      24
05:40:54,      22,     169,      24
05:41:09,      22,     168,      24
05:41:24,      22,     171,      25
05:41:39,      22,     168,      25
05:41:52,      22,     161,      25
05:42:06,      22,     160,      24
05:42:20,      22,     165,      24
05:42:35,      22,     160,      23
05:42:49,      22,     159,      22
05:43:05,      22,     158,      23
05:43:19,      22,     155,      19
05:43:34,      22,     155,      19
05:43:48,      22,     157,      20
05:44:03,      22,     157,      20
05:44:17,      22,     158,      20
05:44:32,      22,     163,      20
05:44:49,      22,     164,      20
05:45:05,      23,     156,      20
05:45:23,      23,     162,      19
05:45:42,      23,     162,      19
05:45:57,      23,     160,      19
05:46:14,      23,     157,      19
05:46:27,      23,     160,      19
05:46:42,      23,     175,      19
05:46:58,      23,     176,      19
05:47:14,      23,     176,      19
05:47:29,      23,     178,      19
05:47:45,      23,     179,      20
05:48:00,      23,     188,      20
05:48:16,      23,     188,      20
05:48:34,      23,     186,      20
05:48:51,      23,     186,      21
05:49:10,      23,     187,      22
05:49:26,      23,     186,      22
05:49:44,      23,     190,      23
05:50:04,      23,     188,      22
05:50:24,      23,     185,      22
05:50:38,      23,     184,      22
05:50:53,      23,     183,      21
05:51:09,      23,     186,      22
05:51:23,      23,     190,      22
05:51:37,      23,     187,      22
05:51:51,      23,     184,      21
05:52:07,      23,     182,      22
05:52:22,      23,     184,      22
05:52:36,      23,     183,      21
05:52:51,      23,     181,      22
05:53:05,      23,     189,      21
05:53:20,      23,     195,      21
05:53:34,      23,     194,      21
05:53:48,      23,     188,      21
05:54:05,      23,     186,      21
05:54:22,      23,     187,      21
05:54:43,      23,     191,      22
05:55:02,      23,     188,      22
05:55:18,      23,     187,      22
05:55:33,      23,     185,      22
05:55:47,      23,     186,      23
05:56:01,      23,     186,      24
05:56:18,      23,     186,      23
05:56:33,      23,     189,      24
05:56:50,      23,     187,      23
05:57:08,      23,     192,      24
05:57:27,      23,     199,      24
05:57:44,      23,     195,      24
05:58:02,      23,     189,      24
05:58:20,      23,     191,      24
05:58:42,      23,     184,      24
05:58:58,      23,     172,      25
05:59:14,      23,     189,      24
05:59:31,      23,     187,      23
05:59:47,      23,     191,      23
06:00:02,      24,     196,      23
06:00:18,      24,     183,      24
06:00:34,      24,     198,      23
06:00:50,      24,     206,      24
06:01:04,      24,     207,      24
06:01:20,      24,     196,      24
06:01:34,      24,     194,      25
06:01:51,      24,     196,      24
06:02:06,      24,     187,      24
06:02:21,      24,     176,      24
06:02:37,      24,     179,      24
06:02:52,      24,     198,      28
06:03:07,      24,     199,      28
06:03:22,      24,     200,      27
06:03:37,      24,     208,      27
06:03:55,      24,     213,      27
06:04:13,      24,     195,      27
06:04:32,      24,     217,      27
06:04:48,      24,     219,      27
06:05:05,      24,     221,      27
06:05:23,      24,     228,      27
06:05:40,      24,     222,      27
06:05:56,      24,     221,      27
06:06:13,      24,     222,      27
06:06:31,      24,     212,      27
06:06:47,      24,     206,      26
06:07:09,      24,     222,      25
06:07:26,      24,     223,      25
06:07:41,      24,     222,      25
06:07:56,      24,     226,      24
06:08:14,      24,     229,      25
06:08:30,      24,     212,      25
06:08:45,      24,     225,      22
06:08:59,      24,     221,      20
06:09:14,      24,     222,      21
06:09:29,      24,     219,      22
06:09:45,      24,     217,      23
06:09:59,      24,     217,      24
06:10:14,      24,     216,      24
06:10:29,      24,     217,      25
06:10:43,      24,     199,      25
06:11:01,      24,     201,      30
06:11:19,      24,     201,      26
06:11:37,      24,     198,      25
06:11:57,      24,     215,      24
06:12:15,      24,     211,      25
06:12:30,      24,     197,      26
06:12:45,      24,     194,      27
06:13:01,      24,     185,      25
06:13:16,      24,     201,      25
06:13:31,      24,     203,      25
06:13:45,      24,     200,      25
06:13:59,      24,     186,      25
06:14:15,      24,     186,      25
06:14:30,      24,     206,      25
06:14:44,      24,     206,      25
06:14:58,      24,     202,      25
06:15:12,      25,     195,      26
06:15:27,      25,     197,      25
06:15:41,      25,     209,      25
06:15:57,      25,     211,      26
06:16:13,      25,     193,      26
06:16:28,      25,     185,      26
06:16:42,      25,     197,      26
06:16:56,      25,     203,      26
06:17:12,      25,     201,      26
06:17:30,      25,     195,      26
06:17:46,      25,     198,      26
06:18:02,      25,     202,      26
06:18:18,      25,     189,      25
06:18:34,      25,     183,      25
06:18:51,      25,     196,      32
06:19:06,      25,     197,      25
06:19:22,      25,     189,      24
06:19:40,      25,     184,      25
06:19:55,      25,     184,      25
06:20:13,      25,     200,      26
06:20:30,      25,     195,      26
06:20:45,      25,     191,      27
06:21:00,      25,     189,      26
06:21:17,      25,     200,      26
06:21:33,      25,     201,      25
06:21:47,      25,     188,      26
06:22:02,      25,     183,      25
06:22:19,      25,     184,      26
06:22:36,      25,     200,      26
06:22:53,      25,     185,      26
06:23:09,      25,     188,      32
06:23:25,      25,     183,      26
06:23:42,      25,     194,      25
06:23:59,      25,     209,      26
06:24:16,      25,     196,      26
06:24:33,      25,     198,      26
06:24:50,      25,     204,      32
06:25:07,      25,     211,      27
06:25:22,      25,     229,      26
06:25:38,      25,     222,      27
06:25:54,      25,     216,      26
06:26:12,      25,     215,      27
06:26:30,      25,     213,      27
06:26:45,      25,     202,      27
06:27:00,      25,     208,      27
06:27:15,      25,     201,      28
06:27:30,      25,     214,      28
06:27:45,      25,     213,      35
06:28:00,      25,     201,      31
06:28:15,      25,     200,      33
06:28:30,      25,     208,      27
06:28:45,      25,     212,      27
06:29:00,      25,     201,      28
06:29:16,      25,     204,      29
06:29:31,      25,     210,      32
06:29:45,      25,     214,      33
06:30:00,      26,     219,      33
06:30:15,      26,     209,      34
06:30:30,      26,     204,      33
06:30:44,      26,     196,      32
06:30:58,      26,     200,      34
06:31:14,      26,     202,      34
06:31:30,      26,     201,      34
06:31:44,      26,     201,      34
06:32:07,      26,     199,      33
06:32:24,      26,     208,      33
06:32:40,      26,     194,      33
06:32:57,      26,     186,      34
06:33:13,      26,     200,      34
06:33:31,      26,     212,      34
06:33:46,      26,     219,      34
06:34:00,      26,     203,      34
06:34:15,      26,     193,      34
06:34:29,      26,     192,      34
06:34:46,      26,     199,      34
06:35:00,      26,     218,      34
06:35:14,      26,     194,      33
06:35:27,      26,     178,      31
06:35:41,      26,     180,      31
06:35:57,      26,     188,      31
06:36:15,      26,     220,      32
06:36:31,      26,     204,      33
06:36:48,      26,     191,      33
06:37:04,      26,     185,      32
06:37:21,      26,     196,      32
06:37:39,      26,     203,      33
06:37:55,      26,     211,      34
06:38:12,      26,     209,      33
06:38:28,      26,     200,      34
06:38:45,      26,     202,      33
06:39:00,      26,     202,      33
06:39:16,      26,     204,      33
06:39:33,      26,     202,      33
06:39:48,      26,     203,      33
06:40:01,      26,     196,      32
06:40:16,      26,     190,      32
06:40:32,      26,     198,      31
06:40:46,      26,     216,      31
06:40:59,      26,     231,      31
06:41:14,      26,     226,      32
06:41:28,      26,     218,      34
06:41:43,      26,     210,      33
06:42:01,      26,     207,      33
06:42:17,      26,     216,      32
06:42:34,      26,     227,      32
06:42:50,      26,     234,      32
06:43:03,      26,     233,      32
06:43:22,      26,     222,      31
06:43:41,      26,     231,      30
06:43:58,      26,     221,      32
06:44:16,      26,     219,      32
06:44:33,      26,     220,      31
06:44:49,      26,     217,      33
06:45:07,      27,     218,      33
06:45:25,      27,     230,      33
06:45:42,      27,     227,      35
06:45:58,      27,     237,      32
06:46:13,      27,     221,      32
06:46:28,      27,     207,      32
06:46:44,      27,     223,      31
06:47:00,      27,     228,      31
06:47:14,      27,     251,      31
06:47:31,      27,     227,      31
06:47:48,      27,     222,      31
06:48:02,      27,     221,      30
06:48:17,      27,     221,      30
06:48:31,      27,     217,      30
06:48:46,      27,     201,      30
06:49:00,      27,     207,      29
06:49:14,      27,     204,      28
06:49:29,      27,     209,      28
06:49:43,      27,     220,      28
06:49:58,      27,     203,      29
06:50:13,      27,     193,      29
06:50:28,      27,     199,      29
06:50:42,      27,     199,      30
06:50:55,      27,     220,      30
06:51:10,      27,     208,      30
06:51:24,      27,     204,      30
06:51:37,      27,     206,      30
06:51:51,      27,     208,      30
06:52:07,      27,     204,      30
06:52:21,      27,     192,      30
06:52:36,      27,     190,      29
06:52:53,      27,     194,      29
06:53:09,      27,     209,      29
06:53:27,      27,     222,      30
06:53:43,      27,     202,      30
06:53:57,      27,     189,      29
06:54:12,      27,     191,      29
06:54:26,      27,     203,      30
06:54:40,      27,     204,      31
06:54:53,      27,     211,      30
06:55:09,      27,     211,      30
06:55:24,      27,     203,      31
06:55:38,      27,     205,      32
06:55:51,      27,     205,      34
06:56:06,      27,     203,      43
06:56:19,      27,     200,      37
06:56:33,      27,     205,      36
06:56:47,      27,     207,      32
06:57:01,      27,     211,      33
06:57:15,      27,     197,      33
06:57:29,      27,     194,      35
06:57:43,      27,     197,      36
06:57:57,      27,     200,      35
06:58:13,      27,     214,      35
06:58:30,      27,     197,      33
06:58:46,      27,     194,      33
06:59:03,      27,     195,      33
06:59:18,      27,     204,      33
06:59:33,      27,     198,      33
06:59:50,      27,     198,      33
07:00:05,      28,     202,      33
07:00:23,      28,     199,      33
07:00:42,      28,     190,      33
07:00:57,      28,     187,      33
07:01:12,      28,     191,      33
07:01:27,      28,     200,      41
07:01:41,      28,     188,      34
07:01:55,      28,     187,      35
07:02:10,      28,     194,      30
07:02:24,      28,     196,      31
07:02:39,      28,     196,      30
07:02:56,      28,     198,      32
07:03:11,      28,     208,      34
07:03:25,      28,     207,      37
07:03:40,      28,     211,      37
07:03:54,      28,     224,      37
07:04:10,      28,     205,      37
07:04:23,      28,     206,      39
07:04:37,      28,     206,      38
07:04:51,      28,     203,      38
07:05:06,      28,     204,      38
07:05:20,      28,     205,      38
07:05:34,      28,     210,      38
07:05:48,      28,     225,      38
07:06:02,      28,     210,      38
07:06:17,      28,     214,      39
07:06:30,      28,     215,      41
07:06:46,      28,     216,      40
07:07:01,      28,     217,      40
07:07:17,      28,     210,      40
07:07:32,      28,     224,      40
07:07:46,      28,     217,      40
07:08:03,      28,     211,      39
07:08:19,      28,     218,      38
07:08:33,      28,     218,      38
07:08:50,      28,     211,      38
07:09:04,      28,     216,      38
07:09:17,      28,     221,      39
07:09:32,      28,     212,      41
07:09:47,      28,     214,      43
07:10:01,      28,     213,      42
07:10:17,      28,     211,      42
07:10:35,      28,     213,      42
07:10:49,      28,     227,      42
07:11:06,      28,     210,      42
07:11:25,      28,     210,      40
07:11:43,      28,     206,      40
07:11:59,      28,     213,      40
07:12:15,      28,     225,      40
07:12:30,      28,     219,      40
07:12:46,      28,     209,      39
07:13:03,      28,     213,      39
07:13:18,      28,     215,      40
07:13:33,      28,     213,      40
07:13:46,      28,     213,      39
07:14:00,      28,     224,      42
07:14:15,      28,     211,      44
07:14:29,      28,     212,      44
07:14:43,      28,     213,      43
07:14:56,      28,     217,      46
07:15:12,      29,     219,      46
07:15:26,      29,     225,      45
07:15:41,      29,     223,      45
07:15:55,      29,     222,      46
07:16:11,      29,     224,      46
07:16:25,      29,     222,      46
07:16:39,      29,     226,      46
07:16:52,      29,     222,      46
07:17:07,      29,     237,      46
07:17:22,      29,     230,      46
07:17:36,      29,     234,      52
07:17:50,      29,     228,      54
07:18:06,      29,     226,      56
07:18:20,      29,     226,      51
07:18:37,      29,     235,      53
07:18:53,      29,     247,      54
07:19:10,      29,     238,      54
07:19:24,      29,     238,      57
07:19:38,      29,     242,      68
07:19:52,      29,     247,      57
07:20:07,      29,     247,      54
07:20:24,      29,     246,      54
07:20:39,      29,     239,      54
07:20:55,      29,     235,      54
07:21:10,      29,     236,      54
07:21:28,      29,     237,      54
07:21:46,      29,     235,      55
07:22:02,      29,     248,      57
07:22:18,      29,     259,      58
07:22:33,      29,     256,      58
07:22:47,      29,     267,      59
07:23:01,      29,     266,      58
07:23:19,      29,     263,      58
07:23:33,      29,     271,      58
07:23:46,      29,     276,      56
07:24:01,      29,     263,      54
07:24:17,      29,     261,      54
07:24:33,      29,     261,      53
07:24:48,      29,     259,      52
07:25:03,      29,     262,      52
07:25:17,      29,     272,      58
07:25:35,      29,     255,      59
07:25:52,      29,     261,      55
07:26:11,      29,     274,      55
07:26:32,      29,     282,      55
07:26:53,      29,     276,      56
07:27:10,      29,     255,      56
07:27:27,      29,     251,      56
07:27:47,      29,     254,      56
07:28:07,      29,     254,      53
07:28:24,      29,     242,      52
07:28:42,      29,     240,      52
07:29:00,      29,     242,      52
07:29:17,      29,     242,      51
07:29:33,      29,     260,      53
07:29:47,      29,     246,      53
07:30:04,      30,     245,      53
07:30:19,      30,     241,      52
07:30:34,      30,     241,      49
07:30:50,      30,     240,      48
07:31:04,      30,     247,      48
07:31:20,      30,     250,      49
07:31:38,      30,     243,      48
07:31:56,      30,     243,      50
07:32:13,      30,     246,      56
07:32:30,      30,     240,      50
07:32:44,      30,     252,      50
07:32:58,      30,     249,      50
07:33:12,      30,     241,      49
07:33:26,      30,     241,      50
07:33:39,      30,     245,      47
07:33:55,      30,     240,      47
07:34:10,      30,     241,      47
07:34:26,      30,     256,      56
07:34:41,      30,     242,      48
07:34:56,      30,     250,      54
07:35:12,      30,     251,      46
07:35:28,      30,     241,      47
07:35:46,      30,     247,      54
07:36:05,      30,     259,      54
07:36:22,      30,     245,      48
07:36:41,      30,     245,      48
07:36:59,      30,     246,      48
07:37:16,      30,     247,      48
07:37:33,      30,     248,      49
07:37:49,      30,     244,      48
07:38:07,      30,     245,      47
07:38:22,      30,     249,      47
07:38:37,      30,     256,      52
07:38:52,      30,     252,      52
07:39:07,      30,     256,      51
07:39:24,      30,     255,      46
07:39:40,      30,     253,      46
07:39:58,      30,     255,      47
07:40:18,      30,     250,      49
07:40:40,      30,     260,      58
07:41:02,      30,     268,      63
07:41:21,      30,     265,      60
07:41:41,      30,     276,      91
07:41:59,      30,     294,      99
07:42:19,      30,     305,      82
07:42:38,      30,     312,      79
07:42:57,      30,     324,      79
07:43:15,      30,     336,      81
07:43:31,      30,     377,     108
07:43:48,      30,     412,     133
07:44:07,      30,     425,     134
07:44:21,      30,     446,     151
07:44:35,      30,     445,     145
07:44:49,      30,     434,     129
07:45:03,      31,     423,     129
07:45:17,      31,     421,     129
07:45:30,      31,     424,      76
07:45:45,      31,     429,      73
07:45:58,      31,     432,      73
07:46:13,      31,     432,      74
07:46:30,      31,     426,      74
07:46:46,      31,     426,      71
07:47:02,      31,     431,      74
07:47:18,      31,     436,      88
07:47:34,      31,     433,      88
07:47:50,      31,     437,      98
07:48:06,      31,     436,     100
07:48:22,      31,     437,      89
07:48:41,      31,     433,      86
07:48:57,      31,     433,      85
07:49:14,      31,     437,      84
07:49:30,      31,     446,      84
07:49:47,      31,     448,      85
07:50:03,      31,     452,      91
07:50:18,      31,     455,     100
07:50:34,      31,     464,     110
07:50:53,      31,     442,      93
07:51:10,      31,     441,      86
07:51:27,      31,     439,      87
07:51:42,      31,     438,      87
07:51:58,      31,     441,     101
07:52:16,      31,     431,      93
07:52:32,      31,     428,      84
07:52:49,      31,     421,      85
07:53:06,      31,     401,      81
07:53:20,      31,     392,      72
07:53:36,      31,     389,      72
07:53:54,      31,     389,      71
07:54:10,      31,     383,      66
07:54:25,      31,     377,      65
07:54:41,      31,     377,      66
07:54:56,      31,     379,      65
07:55:14,      31,     382,      68
07:55:29,      31,     375,      67
07:55:44,      31,     378,      70
07:55:59,      31,     374,      61
07:56:14,      31,     382,      67
07:56:29,      31,     393,      71
07:56:43,      31,     393,      84
07:56:58,      31,     354,      31
07:57:15,      31,     348,      46
07:57:30,      31,     343,      50
07:57:44,      31,     350,      53
07:57:58,      31,     346,      51
07:58:13,      31,     341,      53
07:58:29,      31,     334,      49
07:58:44,      31,     343,      53
07:58:58,      31,     348,      62
07:59:13,      31,     342,      56
07:59:27,      31,     332,      50
07:59:43,      31,     346,      43
07:59:58,      31,     343,      58
08:00:13,      32,     340,      49
08:00:29,      32,     337,      53
08:00:46,      32,     338,      42
08:01:00,      32,     345,      42
08:01:16,      32,     342,      42
08:01:33,      32,     333,      42
08:01:48,      32,     340,      44
08:02:04,      32,     334,      45
08:02:20,      32,     342,      45
08:02:38,      32,     354,      58
08:02:54,      32,     348,      70
08:03:11,      32,     336,      54
08:03:27,      32,     337,      52
08:03:42,      32,     334,      61
08:04:00,      32,     331,     115
08:04:19,      32,     338,     115
08:04:35,      32,     341,     115
08:04:51,      32,     344,      96
08:05:11,      32,     332,      87
08:05:27,      32,     337,      92
08:05:42,      32,     334,      93
08:05:59,      32,     332,      88
08:06:16,      32,     329,      89
08:06:31,      32,     333,      89
08:06:50,      32,     336,      90
08:07:10,      32,     349,      90
08:07:25,      32,     354,      87
08:07:39,      32,     345,      86
08:07:54,      32,     344,      90
08:08:10,      32,     344,      90
08:08:25,      32,     344,      89
08:08:40,      32,     343,      89
08:08:55,      32,     359,      89
08:09:12,      32,     362,      90
08:09:27,      32,     361,      89
08:09:44,      32,     361,      87
08:09:59,      32,     365,      87
08:10:16,      32,     370,      88
08:10:33,      32,     366,      90
08:10:48,      32,     369,      90
08:11:02,      32,     368,     105
08:11:17,      32,     372,      93
08:11:31,      32,     374,      98
08:11:45,      32,     376,     103
08:11:59,      32,     365,      98
08:12:15,      32,     374,      99
08:12:30,      32,     370,      92
08:12:43,      32,     374,      93
08:12:57,      32,     376,      93
08:13:12,      32,     376,      92
08:13:28,      32,     390,      91
08:13:43,      32,     393,      99
08:13:59,      32,     379,      96
08:14:15,      32,     376,      92
08:14:31,      32,     399,     116
08:14:45,      32,     391,     106
08:15:02,      33,     396,      98
08:15:17,      33,     390,     108
08:15:33,      33,     378,     103
08:15:50,      33,     374,     103
08:16:04,      33,     373,     108
08:16:21,      33,     356,      93
08:16:41,      33,     355,      98
08:16:57,      33,     360,      90
08:17:17,      33,     379,      95
08:17:31,      33,     387,      52
08:17:46,      33,     382,      45
08:18:04,      33,     383,      72
08:18:19,      33,     392,      61
08:18:33,      33,     372,      51
08:18:48,      33,     367,      42
08:19:02,      33,     368,      40
08:19:16,      33,     367,      73
08:19:31,      33,     366,      67
08:19:45,      33,     367,      83
08:19:58,      33,     385,      89
08:20:13,      33,     367,      77
08:20:30,      33,     373,      78
08:20:43,      33,     369,      72
08:20:57,      33,     369,      72
08:21:13,      33,     374,      64
08:21:29,      33,     395,      80
08:21:44,      33,     379,      77
08:22:03,      33,     371,      67
08:22:19,      33,     368,      70
08:22:37,      33,     368,      61
08:22:52,      33,     377,      59
08:23:09,      33,     372,      60
08:23:26,      33,     371,      60
08:23:43,      33,     367,      60
08:24:00,      33,     365,      59
08:24:18,      33,     369,      59
08:24:34,      33,     385,      88
08:24:49,      33,     387,      94
08:25:07,      33,     372,      67
08:25:23,      33,     359,      66
08:25:40,      33,     375,      79
08:25:55,      33,     362,      70
08:26:11,      33,     378,      79
08:26:28,      33,     383,      85
08:26:42,      33,     375,      84
08:26:56,      33,     380,      71
08:27:11,      33,     359,      66
08:27:26,      33,     366,      60
08:27:39,      33,     375,      60
08:27:53,      33,     379,      82
08:28:09,      33,     386,      83
08:28:22,      33,     382,      73
08:28:36,      33,     394,      94
08:28:53,      33,     406,      92
08:29:09,      33,     387,      70
08:29:27,      33,     385,      71
08:29:48,      33,     384,      71
08:30:06,      34,     379,      71
08:30:22,      34,     381,      77
08:30:40,      34,     377,      72
08:30:56,      34,     367,      73
08:31:13,      34,     385,      93
08:31:29,      34,     387,      87
08:31:45,      34,     368,      66
08:32:01,      34,     366,      70
08:32:17,      34,     367,      63
08:32:34,      34,     369,      67
08:32:49,      34,     375,      71
08:33:05,      34,     365,      64
08:33:20,      34,     384,      86
08:33:35,      34,     373,      70
08:33:50,      34,     368,      63
08:34:04,      34,     373,      66
08:34:20,      34,     369,      75
08:34:35,      34,     367,      92
08:34:50,      34,     371,      80
08:35:06,      34,     375,      80
08:35:21,      34,     381,      63
08:35:35,      34,     381,      75
08:35:49,      34,     376,      84
08:36:04,      34,     377,      97
08:36:20,      34,     369,      76
08:36:35,      34,     377,      83
08:36:49,      34,     372,      73
08:37:03,      34,     350,      54
08:37:18,      34,     331,      43
08:37:33,      34,     333,      35
08:37:50,      34,     328,      27
08:38:08,      34,     327,      29
08:38:22,      34,     324,      29
08:38:39,      34,     323,      31
08:38:55,      34,     325,      86
08:39:10,      34,     322,      82
08:39:24,      34,     325,      82
08:39:39,      34,     326,      84
08:39:53,      34,     318,      90
08:40:08,      34,     326,      80
08:40:23,      34,     325,      88
08:40:38,      34,     322,      87
08:40:53,      34,     323,      94
08:41:08,      34,     323,      87
08:41:22,      34,     319,      84
08:41:38,      34,     318,      79
08:41:52,      34,     323,      78
08:42:07,      34,     325,      77
08:42:21,      34,     337,      81
08:42:36,      34,     360,     104
08:42:52,      34,     334,      95
08:43:07,      34,     326,      93
08:43:23,      34,     330,      97
08:43:40,      34,     340,     112
08:43:58,      34,     324,      68
08:44:14,      34,     328,      63
08:44:29,      34,     326,      74
08:44:43,      34,     341,      85
08:45:00,      35,     338,      73
08:45:15,      35,     332,      77
08:45:30,      35,     338,      63
08:45:46,      35,     345,      63
08:46:00,      35,     343,      75
08:46:17,      35,     335,      68
08:46:32,      35,     331,      67
08:46:51,      35,     346,      89
08:47:08,      35,     340,      84
08:47:27,      35,     342,      76
08:47:45,      35,     337,      80
08:48:00,      35,     329,      69
08:48:15,      35,     335,      66
08:48:31,      35,     326,      61
08:48:44,      35,     322,      56
08:48:58,      35,     331,      59
08:49:13,      35,     331,      62
08:49:28,      35,     322,      66
08:49:42,      35,     326,      59
08:49:57,      35,     360,      76
08:50:12,      35,     345,      61
08:50:26,      35,     340,      76
08:50:39,      35,     338,      77
08:50:54,      35,     331,      74
08:51:09,      35,     329,      69
08:51:23,      35,     334,      67
08:51:39,      35,     341,      58
08:51:52,      35,     351,      82
08:52:07,      35,     351,      77
08:52:20,      35,     336,      61
08:52:34,      35,     334,      66
08:52:48,      35,     334,      61
08:53:02,      35,     339,      65
08:53:16,      35,     340,      72
08:53:30,      35,     354,      73
08:53:44,      35,     338,      64
08:53:58,      35,     327,      63
08:54:17,      35,     329,      62
08:54:32,      35,     352,      80
08:54:51,      35,     335,      63
08:55:10,      35,     336,      62
08:55:29,      35,     349,      85
08:55:47,      35,     340,      86
08:56:05,      35,     344,      98
08:56:21,      35,     335,      88
08:56:37,      35,     336,      90
08:56:56,      35,     336,      95
08:57:13,      35,     371,     121
08:57:29,      35,     365,     108
08:57:42,      35,     348,      98
08:57:56,      35,     349,      88
08:58:11,      35,     354,      91
08:58:28,      35,     356,     106
08:58:43,      35,     350,     101
08:58:59,      35,     344,      85
08:59:14,      35,     368,     105
08:59:30,      35,     359,     104
08:59:48,      35,     352,      86
09:00:05,      36,     359,      94
09:00:20,      36,     353,     100
09:00:35,      36,     350,     110
09:00:51,      36,     368,     117
09:01:08,      36,     378,     101
09:01:22,      36,     354,      74
09:01:37,      36,     353,      86
09:01:52,      36,     375,      94
09:02:07,      36,     368,      94
09:02:23,      36,     363,      78
09:02:40,      36,     375,      64
09:02:55,      36,     367,      61
09:03:11,      36,     355,      55
09:03:25,      36,     357,      55
09:03:39,      36,     372,      79
09:03:53,      36,     369,      83
09:04:09,      36,     362,      89
09:04:23,      36,     362,      90
09:04:38,      36,     367,      92
09:04:52,      36,     374,     103
09:05:07,      36,     380,     106
09:05:20,      36,     375,      92
09:05:35,      36,     374,      91
09:05:52,      36,     377,      86
09:06:09,      36,     376,      92
09:06:25,      36,     378,     105
09:06:41,      36,     368,      96
09:06:56,      36,     369,     103
09:07:14,      36,     384,     108
09:07:28,      36,     391,     103
09:07:42,      36,     391,     112
09:07:57,      36,     384,     107
09:08:11,      36,     373,      93
09:08:26,      36,     376,      91
09:08:43,      36,     376,      90
09:09:01,      36,     387,     119
09:09:18,      36,     371,     104
09:09:32,      36,     360,     103
09:09:47,      36,     381,     101
09:10:04,      36,     375,     106
09:10:19,      36,     364,     114
09:10:35,      36,     370,     123
09:10:49,      36,     364,     100
09:11:04,      36,     357,     118
09:11:23,      36,     359,     109
09:11:40,      36,     359,     107
09:12:01,      36,     358,     110
09:12:21,      36,     359,     106
09:12:39,      36,     347,      91
09:12:58,      36,     357,      93
09:13:18,      36,     373,     106
09:13:34,      36,     375,     104
09:13:47,      36,     372,      96
09:14:02,      36,     375,      96
09:14:17,      36,     372,      95
09:14:30,      36,     375,      94
09:14:45,      36,     377,     101
09:15:00,      37,     378,     103
09:15:15,      37,     371,     121
09:15:29,      37,     373,     110
09:15:43,      37,     399,     125
09:15:57,      37,     407,     110
09:16:14,      37,     396,     109
09:16:31,      37,     407,     125
09:16:46,      37,     429,     130
09:17:00,      37,     417,     116
09:17:17,      37,     422,     107
09:17:32,      37,     424,     104
09:17:46,      37,     428,     104
09:18:00,      37,     440,     114
09:18:17,      37,     444,     121
09:18:35,      37,     445,     115
09:18:50,      37,     472,     144
09:19:07,      37,     474,     127
09:19:21,      37,     508,     142
09:19:36,      37,     492,     133
09:19:53,      37,     510,     141
09:20:10,      37,     503,     126
09:20:28,      37,     486,     123
09:20:45,      37,     499,     129
09:21:01,      37,     507,     134
09:21:18,      37,     503,     122
09:21:34,      37,     501,     141
09:21:50,      37,     498,     134
09:22:06,      37,     504,     142
09:22:22,      37,     476,     127
09:22:38,      37,     483,     137
09:22:53,      37,     483,     128
09:23:09,      37,     454,     124
09:23:23,      37,     459,     120
09:23:36,      37,     456,     123
09:23:50,      37,     464,     113
09:24:05,      37,     456,     127
09:24:19,      37,     458,     120
09:24:33,      37,     445,     112
09:24:48,      37,     449,     125
09:25:03,      37,     453,     114
09:25:17,      37,     452,     126
09:25:31,      37,     432,     115
09:25:44,      37,     429,     107
09:25:58,      37,     433,     107
09:26:15,      37,     435,     117
09:26:31,      37,     434,     124
09:26:46,      37,     431,     113
09:27:02,      37,     429,     108
09:27:18,      37,     440,     110
09:27:34,      37,     434,     117
09:27:52,      37,     434,     111
09:28:08,      37,     435,     122
09:28:27,      37,     415,     118
09:28:43,      37,     407,     125
09:28:58,      37,     422,     124
09:29:13,      37,     424,     121
09:29:28,      37,     433,     133
09:29:42,      37,     431,     114
09:29:56,      37,     444,     139
09:30:11,      38,     412,     113
09:30:27,      38,     407,     119
09:30:43,      38,     432,     127
09:30:58,      38,     430,      81
09:31:14,      38,     432,      72
09:31:30,      38,     424,      60
09:31:45,      38,     426,      77
09:32:00,      38,     422,      70
09:32:16,      38,     416,      68
09:32:31,      38,     417,      61
09:32:45,      38,     426,      82
09:32:59,      38,     433,      83
09:33:14,      38,     439,      90
09:33:29,      38,     445,      74
09:33:45,      38,     444,      72
09:33:58,      38,     441,      70
09:34:13,      38,     442,      91
09:34:28,      38,     433,     103
09:34:45,      38,     419,     108
09:35:05,      38,     444,     102
09:35:20,      38,     439,      80
09:35:35,      38,     443,      76
09:35:49,      38,     441,      69
09:36:03,      38,     446,      69
09:36:20,      38,     448,      77
09:36:34,      38,     459,      84
09:36:49,      38,     440,      85
09:37:03,      38,     441,      91
09:37:19,      38,     442,      87
09:37:34,      38,     430,      88
09:37:47,      38,     455,     118
09:38:02,      38,     442,     100
09:38:17,      38,     444,      82
09:38:32,      38,     441,      79
09:38:48,      38,     430,      79
09:39:02,      38,     431,      80
09:39:18,      38,     419,      81
09:39:33,      38,     432,      81
09:39:49,      38,     438,      80
09:40:03,      38,     435,      79
09:40:18,      38,     438,      91
09:40:33,      38,     443,      92
09:40:47,      38,     456,      93
09:41:01,      38,     443,      97
09:41:16,      38,     421,      92
09:41:32,      38,     415,      89
09:41:46,      38,     428,     105
09:42:00,      38,     413,     106
09:42:15,      38,     405,      80
09:42:30,      38,     421,      78
09:42:44,      38,     415,      76
09:43:01,      38,     431,      87
09:43:14,      38,     439,      77
09:43:29,      38,     446,      77
09:43:42,      38,     440,      81
09:43:57,      38,     443,      96
09:44:12,      38,     435,      89
09:44:29,      38,     416,      99
09:44:48,      38,     445,      92
09:45:07,      39,     444,      93
09:45:21,      39,     442,      94
09:45:36,      39,     435,      98
09:45:50,      39,     441,      98
09:46:04,      39,     449,      91
09:46:20,      39,     452,      98
09:46:34,      39,     448,      94
09:46:50,      39,     449,      93
09:47:06,      39,     445,      89
09:47:20,      39,     443,     101
09:47:34,      39,     423,      89
09:47:48,      39,     427,      85
09:48:04,      39,     436,      99
09:48:20,      39,     434,     100
09:48:36,      39,     423,      88
09:48:51,      39,     427,      84
09:49:07,      39,     431,      94
09:49:23,      39,     432,     104
09:49:38,      39,     426,      87
09:49:52,      39,     435,     100
09:50:07,      39,     426,      84
09:50:21,      39,     428,      98
09:50:35,      39,     434,     100
09:50:50,      39,     447,     109
09:51:04,      39,     434,      95
09:51:21,      39,     419,      77
09:51:37,      39,     415,      84
09:51:53,      39,     412,      87
09:52:08,      39,     414,      77
09:52:22,      39,     416,      78
09:52:38,      39,     421,      86
09:52:53,      39,     423,      94
09:53:08,      39,     425,      95
09:53:23,      39,     424,     100
09:53:41,      39,     441,     108
09:53:56,      39,     432,      86
09:54:14,      39,     450,     118
09:54:32,      39,     436,     103
09:54:46,      39,     430,     106
09:55:01,      39,     432,     105
09:55:17,      39,     437,     109
09:55:32,      39,     417,     102
09:55:47,      39,     423,      97
09:56:00,      39,     428,     110
09:56:14,      39,     415,      95
09:56:28,      39,     424,      85
09:56:43,      39,     416,      88
09:56:58,      39,     440,      82
09:57:15,      39,     424,      77
09:57:34,      39,     420,      79
09:57:52,      39,     415,      88
09:58:13,      39,     420,      92
09:58:30,      39,     425,      92
09:58:45,      39,     416,      86
09:59:02,      39,     412,      83
09:59:21,      39,     417,      89
09:59:38,      39,     421,      81
09:59:59,      39,     423,      88
10:00:19,      40,     428,      91
10:00:38,      40,     428,      83
10:00:58,      40,     433,      96
10:01:15,      40,     426,      76
10:01:32,      40,     426,      79
10:01:49,      40,     461,     105
10:02:15,      40,     451,     111
10:02:36,      40,     423,      97
10:02:57,      40,     412,      84
10:03:18,      40,     424,     107
10:03:39,      40,     427,     106
10:03:57,      40,     430,      87
10:04:16,      40,     430,      82
10:04:34,      40,     444,      91
10:25:22,      41,     443,     108
10:40:22,      42,     457,     110
10:55:22,      43,     453,     112
11:10:22,      44,     457,     113
11:25:22,      45,     454,     117
11:40:22,      46,     469,     109
11:55:22,      47,     478,     111
12:10:22,      48,     505,     122
12:25:22,      49,     496,     110
12:40:22,      50,     522,     135
12:55:22,      51,     510,     131
13:10:22,      52,     507,     124
13:25:22,      53,     504,     124
13:40:22,      54,     514,     120
13:55:22,      55,     504,     113
14:10:22,      56,     497,     112
14:25:22,      57,     492,     109
14:40:22,      58,     486,     110
14:55:22,      59,     476,     115
15:10:22,      60,     481,     106
15:25:22,      61,     468,     116
15:40:22,      62,     459,     138
15:55:22,      63,     460,     120
16:10:22,      64,     444,     115
16:25:22,      65,     412,     109
16:40:22,      66,     382,      91
16:55:22,      67,     366,      91
17:10:22,      68,     357,      87
17:25:22,      69,     340,      81
17:40:21,      70,     343,      82
17:55:21,      71,     330,      83
18:10:21,      72,     331,      97
18:25:21,      73,     268,      67
18:40:17,      74,     259,      63
18:55:14,      75,     251,      59
19:10:09,      76,     241,      52
19:25:07,      77,     221,      38
19:40:05,      78,     218,      35
19:55:01,      79,     213,      31
20:09:58,      80,     196,      28
20:24:55,      81,     197,      32
20:39:53,      82,     195,      32
20:54:50,      83,     196,      29
21:09:49,      84,     201,      32
21:24:47,      85,     198,      33
21:39:44,      86,     192,      34
21:54:39,      87,     189,      35
22:09:39,      88,     181,      28
22:24:38,      89,     179,      29
22:39:35,      90,     174,      22
22:54:31,      91,     169,      20
23:09:29,      92,     172,      22
23:24:27,      93,     166,      17
23:39:23,      94,     169,      18
23:54:20,      95,     172,      20
