
01    01    91 2256 2140 2056 2027 2052 2129 2246 2396 2625 2863 3028 3045 2988 2858 2711 2654 2837 2996 3045 3014 2897 2726 2456 2196
01    02    91 2038 1980 1973 2019 2158 2512 3003 3301 3357 3310 3240 3109 2988 2862 2800 2825 3121 3471 3530 3473 3361 3158 2854 2529
01    03    91 2369 2312 2331 2367 2499 2861 3364 3661 3665 3514 3323 3161 3007 2897 2819 2865 3156 3543 3610 3547 3438 3208 2892 2595
01    04    91 2426 2395 2412 2468 2630 3005 3520 3866 3894 3774 3604 3390 3224 3089 2986 3024 3311 3658 3692 3612 3495 3311 3073 2814
01    05    91 2632 2600 2613 2647 2750 2919 3130 3426 3782 3894 3825 3650 3468 3297 3194 3228 3469 3677 3634 3499 3365 3169 2953 2704
01    06    91 2501 2422 2397 2426 2479 2603 2768 3054 3397 3606 3643 3571 3511 3428 3343 3364 3522 3712 3651 3561 3425 3186 2838 2539
01    07    91 2357 2308 2307 2345 2494 2847 3399 3677 3716 3656 3568 3487 3403 3294 3218 3212 3360 3576 3568 3437 3277 3020 2662 2354
01    08    91 2157 2101 2088 2113 2225 2595 3144 3413 3387 3321 3276 3216 3133 3084 3023 3050 3234 3451 3433 3307 3151 2931 2627 2333
01    09    91 2131 2073 2062 2089 2164 2547 3134 3405 3326 3182 3122 3050 3018 2980 2961 3005 3174 3401 3391 3289 3131 2881 2561 2234
01    10    91 2046 1989 1962 1982 2101 2448 2989 3294 3235 3129 3060 2997 2922 2868 2840 2897 3073 3287 3294 3191 3053 2845 2492 2196
01    11    91 1979 1884 1852 1879 1988 2303 2826 3094 3089 3014 2944 2883 2845 2807 2794 2842 2944 3115 3086 2948 2777 2591 2346 2108
01    12    91 1911 1815 1788 1767 1814 1919 2097 2351 2674 2862 2895 2847 2684 2570 2508 2525 2701 2877 2825 2710 2587 2417 2240 2042
01    13    91 1845 1758 1718 1713 1732 1818 1946 2194 2515 2745 2856 2859 2814 2739 2653 2625 2781 2984 2942 2856 2751 2562 2278 2016
01    14    91 1840 1769 1740 1759 1888 2239 2791 3081 3054 2964 2928 2860 2825 2766 2704 2731 2860 3124 3134 3038 2902 2686 2377 2082
01    15    91 1891 1814 1793 1814 1932 2285 2848 3154 3138 3011 2940 2871 2804 2740 2710 2756 2931 3188 3208 3117 2979 2759 2471 2153
01    16    91 1934 1874 1855 1876 1996 2351 2903 3196 3164 3046 2998 2909 2862 2811 2792 2837 2965 3200 3158 3076 2931 2719 2416 2106
01    17    91 1904 1821 1801 1804 1907 2263 2782 3073 3033 2910 2842 2742 2678 2624 2578 2575 2702 2986 3047 2935 2836 2620 2331 2042
01    18    91 1851 1790 1769 1800 1904 2246 2789 3101 3085 2960 2853 2703 2591 2510 2453 2485 2637 2954 3027 2942 2837 2690 2481 2266
01    19    91 2092 2017 2000 2016 2069 2215 2450 2770 3134 3328 3303 3110 2909 2734 2601 2599 2771 3123 3178 3095 2996 2860 2694 2478
01    20    91 2309 2228 2226 2254 2311 2434 2636 2937 3271 3360 3233 3055 2891 2727 2586 2571 2742 3125 3205 3149 3073 2927 2691 2442
01    21    91 2284 2254 2270 2327 2471 2761 3164 3471 3648 3658 3555 3371 3180 3003 2894 2861 3044 3439 3524 3495 3375 3139 2805 2492
01    22    91 2320 2283 2297 2355 2506 2903 3517 3822 3775 3604 3462 3322 3229 3139 3084 3121 3316 3633 3670 3545 3388 3115 2750 2409
01    23    91 2223 2148 2151 2170 2315 2688 3286 3605 3548 3427 3355 3269 3211 3171 3119 3172 3311 3591 3639 3522 3370 3119 2759 2417
01    24    91 2225 2159 2165 2203 2337 2719 3326 3641 3575 3422 3292 3154 3019 2917 2851 2878 3071 3477 3598 3552 3439 3225 2891 2597
01    25    91 2383 2335 2355 2401 2558 2959 3546 3883 3825 3599 3404 3206 3034 2919 2829 2836 3020 3393 3474 3396 3272 3107 2875 2638
01    26    91 2442 2377 2387 2419 2505 2673 2914 3276 3605 3667 3493 3278 3031 2856 2734 2721 2879 3242 3358 3312 3224 3083 2900 2696
01    27    91 2522 2474 2477 2520 2586 2732 2927 3255 3598 3691 3671 3570 3457 3353 3231 3149 3186 3384 3357 3364 3243 3041 2698 2411
01    28    91 2238 2191 2179 2212 2349 2719 3289 3613 3586 3404 3311 3199 3056 2939 2842 2857 3033 3462 3631 3613 3484 3238 2936 2640
01    29    91 2480 2458 2498 2578 2744 3166 3779 4094 3996 3800 3601 3449 3318 3178 3082 3126 3326 3662 3726 3659 3509 3263 2911 2580
01    30    91 2417 2357 2378 2425 2580 2987 3599 3921 3850 3671 3489 3307 3169 3035 2986 3056 3241 3559 3616 3527 3356 3108 2743 2419
01    31    91 2226 2160 2141 2181 2312 2681 3247 3541 3473 3322 3225 3156 3047 2969 2892 2902 2969 3235 3283 3179 3011 2788 2487 2174
02    01    91 1976 1870 1837 1857 1964 2289 2811 3089 3056 2956 2902 2815 2734 2637 2583 2614 2731 2929 2919 2794 2662 2484 2275 2029
02    02    91 1833 1728 1686 1676 1696 1794 1963 2251 2569 2734 2725 2664 2564 2486 2420 2368 2456 2707 2733 2631 2520 2374 2197 2014
02    03    91 1849 1768 1720 1731 1730 1806 1956 2220 2543 2781 2892 2844 2790 2670 2541 2519 2620 2811 2833 2751 2624 2437 2149 1906
02    04    91 1712 1642 1628 1650 1757 2084 2598 2901 2899 2818 2762 2704 2659 2588 2528 2543 2635 2900 2967 2868 2714 2499 2222 1948
02    05    91 1718 1638 1634 1661 1792 2159 2729 3061 3015 2855 2791 2665 2556 2471 2402 2403 2541 2952 3149 3115 3022 2801 2514 2226
02    06    91 2053 2013 2027 2072 2234 2623 3207 3516 3441 3264 3034 2795 2659 2522 2465 2474 2582 2907 3033 2959 2837 2639 2353 2061
02    07    91 1885 1818 1799 1827 1955 2310 2865 3167 3103 2973 2840 2683 2589 2522 2470 2502 2627 2899 2974 2880 2764 2547 2240 1963
02    08    91 1767 1687 1673 1684 1788 2117 2672 2978 2956 2838 2696 2545 2449 2368 2283 2287 2365 2605 2764 2689 2580 2427 2251 2019
02    09    91 1837 1763 1738 1745 1792 1928 2133 2450 2808 2975 2970 2849 2668 2545 2444 2425 2543 2802 2869 2756 2632 2469 2286 2078
02    10    91 1910 1824 1802 1815 1832 1952 2110 2415 2734 2931 2930 2811 2659 2497 2381 2375 2498 2784 2914 2862 2756 2567 2251 1995
02    11    91 1822 1766 1757 1793 1906 2265 2823 3135 3056 2951 2878 2745 2686 2609 2585 2624 2765 3015 3088 2983 2845 2608 2292 1994
02    12    91 1803 1726 1702 1719 1816 2166 2708 2992 2950 2833 2769 2696 2658 2625 2580 2608 2737 2988 3080 2976 2835 2604 2303 2001
02    13    91 1798 1730 1716 1726 1828 2170 2717 3003 2939 2805 2727 2636 2577 2543 2524 2561 2674 2885 2945 2833 2704 2506 2208 1913
02    14    91 1718 1632 1612 1608 1693 2012 2516 2786 2724 2596 2513 2414 2341 2270 2227 2218 2302 2530 2682 2606 2505 2330 2078 1822
02    15    91 1628 1543 1517 1505 1610 1884 2365 2683 2677 2642 2619 2562 2498 2417 2378 2403 2495 2669 2771 2675 2548 2372 2196 1953
02    16    91 1767 1686 1658 1663 1708 1835 2054 2356 2693 2848 2827 2739 2594 2469 2425 2417 2527 2703 2792 2689 2568 2410 2230 2015
02    17    91 1835 1733 1692 1685 1726 1820 1982 2267 2567 2722 2760 2677 2589 2470 2372 2364 2474 2689 2848 2774 2673 2531 2306 2078
02    18    91 1924 1846 1835 1872 1943 2151 2443 2736 2975 3115 3127 3067 2949 2849 2760 2798 2907 3070 3107 3002 2851 2596 2273 2002
02    19    91 1794 1706 1676 1687 1786 2107 2626 2909 2881 2787 2755 2682 2652 2636 2611 2622 2719 2954 3051 2973 2823 2604 2315 2015
02    20    91 1844 1768 1741 1765 1881 2224 2774 3042 2970 2827 2736 2639 2584 2553 2505 2549 2676 2931 3076 3015 2881 2666 2376 2082
02    21    91 1888 1824 1822 1859 1987 2371 2963 3258 3184 2970 2770 2609 2489 2405 2357 2345 2459 2719 3003 3000 2897 2716 2408 2112
02    22    91 1944 1874 1880 1912 2046 2407 2976 3268 3212 3037 2900 2744 2625 2533 2448 2443 2556 2778 2992 2928 2805 2654 2453 2227
02    23    91 2054 1986 1976 1988 2061 2217 2476 2820 3117 3155 3013 2792 2560 2379 2247 2220 2289 2520 2789 2768 2699 2551 2373 2182
02    24    91 2034 1975 1954 1979 2021 2119 2302 2612 2918 3000 2935 2740 2539 2357 2221 2150 2233 2501 2812 2845 2762 2600 2309 2060
02    25    91 1912 1878 1891 1948 2096 2490 3105 3364 3229 2977 2784 2597 2471 2346 2262 2247 2311 2530 2833 2843 2763 2550 2266 2008
02    26    91 1843 1802 1813 1862 2020 2424 3024 3299 3118 2839 2640 2480 2376 2284 2205 2186 2239 2448 2751 2766 2682 2503 2225 1971
02    27    91 1825 1786 1808 1856 2014 2411 3043 3316 3111 2821 2612 2456 2350 2270 2185 2177 2232 2421 2717 2764 2679 2506 2227 1967
02    28    91 1847 1812 1831 1881 2034 2441 3054 3316 3163 2894 2684 2506 2399 2302 2248 2237 2346 2627 2946 2968 2874 2675 2363 2066
03    01    91 1913 1863 1863 1900 2033 2409 2994 3340 3309 3212 3149 3055 2992 2944 2897 2914 3023 3161 3249 3148 2972 2759 2497 2239
03    02    91 2034 1946 1897 1882 1905 2004 2216 2499 2832 2971 2970 2896 2758 2668 2624 2625 2691 2775 2892 2805 2677 2519 2303 2062
03    03    91 1893 1796 1753 1746 1768 1849 2010 2303 2619 2793 2819 2745 2724 2658 2580 2562 2600 2711 2870 2837 2751 2589 2295 2035
03    04    91 1864 1813 1803 1851 1993 2370 2977 3315 3282 3201 3113 3014 2874 2776 2687 2678 2827 3102 3338 3319 3202 2950 2617 2319
03    05    91 2127 2094 2098 2146 2294 2674 3266 3544 3406 3167 3022 2890 2791 2690 2676 2760 2914 3150 3322 3287 3142 2905 2573 2268
03    06    91 2075 2008 2000 2018 2143 2509 3090 3344 3249 3095 2990 2873 2774 2689 2615 2614 2687 2882 3135 3147 3035 2805 2466 2152
03    07    91 1982 1914 1914 1931 2062 2445 3027 3297 3234 3097 3001 2879 2832 2794 2737 2764 2847 3030 3188 3135 3014 2786 2446 2147
03    08    91 1976 1912 1890 1911 2025 2380 2931 3217 3130 2970 2835 2708 2633 2536 2441 2387 2430 2609 2910 2921 2837 2679 2467 2246
03    09    91 2059 2008 1995 2007 2077 2207 2455 2790 3050 3106 3087 2992 2889 2798 2714 2699 2781 2903 2986 2914 2785 2603 2397 2174
03    10    91 2011 1913 1892 1893 1929 2040 2241 2576 2882 2977 2926 2812 2708 2612 2538 2525 2587 2775 3002 3038 2956 2768 2464 2194
03    11    91 2058 2020 2034 2085 2245 2628 3233 3529 3423 3236 3132 3050 3009 2983 2956 2965 3093 3297 3459 3360 3185 2895 2540 2228
03    12    91 2021 1966 1951 1974 2101 2473 3053 3336 3257 3108 3026 2899 2829 2727 2626 2656 2722 2946 3158 3166 3040 2783 2468 2150
03    13    91 1971 1910 1911 1922 2061 2439 3029 3289 3162 2980 2817 2678 2593 2516 2477 2474 2535 2732 2997 3060 2978 2768 2416 2140
03    14    91 1966 1911 1905 1917 2035 2410 2973 3244 3187 3035 2933 2806 2722 2638 2561 2539 2586 2772 3038 3090 2994 2781 2500 2181
03    15    91 1998 1948 1947 1978 2107 2484 3015 3285 3233 3097 2953 2805 2674 2580 2467 2431 2484 2647 2879 2911 2825 2668 2460 2229
03    16    91 2063 2007 2001 2017 2098 2266 2530 2834 2991 2948 2754 2563 2389 2223 2107 2081 2165 2358 2580 2620 2522 2387 2229 2042
03    17    91 1914 1845 1847 1871 1936 2080 2292 2568 2736 2717 2580 2413 2269 2147 2046 2007 2072 2240 2515 2666 2634 2478 2182 1944
03    18    91 1813 1789 1814 1869 2038 2456 3044 3272 3083 2843 2680 2526 2440 2380 2379 2425 2572 2811 2973 2967 2806 2556 2265 1966
03    19    91 1811 1755 1747 1778 1912 2271 2851 3127 2987 2796 2653 2520 2446 2361 2294 2316 2406 2624 2834 2881 2770 2532 2240 1938
03    20    91 1789 1739 1752 1794 1946 2340 2929 3113 2921 2692 2526 2401 2320 2239 2176 2167 2224 2355 2614 2748 2659 2486 2211 1935
03    21    91 1796 1757 1744 1784 1917 2291 2854 3131 3066 2946 2866 2761 2672 2595 2515 2501 2580 2740 2955 2997 2879 2659 2347 2061
03    22    91 1876 1817 1807 1830 1965 2344 2924 3194 3119 2947 2816 2687 2574 2474 2401 2367 2408 2549 2762 2844 2732 2563 2328 2074
03    23    91 1883 1815 1795 1794 1845 1984 2213 2535 2737 2777 2677 2517 2358 2220 2147 2145 2249 2411 2603 2635 2543 2383 2198 1982
03    24    91 1830 1740 1722 1713 1750 1841 2028 2334 2659 2827 2850 2777 2709 2611 2518 2482 2528 2639 2779 2839 2745 2551 2256 1973
03    25    91 1829 1764 1776 1811 1948 2309 2884 3170 3122 3014 2951 2840 2787 2725 2652 2670 2734 2905 3073 3124 3013 2784 2483 2182
03    26    91 2014 1986 2005 2042 2197 2601 3171 3319 3081 2832 2666 2525 2436 2361 2291 2265 2326 2487 2767 2968 2911 2718 2432 2153
03    27    91 2018 1990 2024 2078 2263 2683 3245 3395 3138 2873 2674 2506 2399 2310 2229 2193 2249 2380 2625 2814 2766 2573 2269 1987
03    28    91 1821 1771 1766 1792 1910 2264 2814 3093 3040 2892 2771 2652 2557 2451 2379 2386 2463 2623 2835 2932 2831 2639 2328 2041
03    29    91 1863 1805 1794 1812 1929 2279 2806 3081 3010 2882 2768 2642 2536 2478 2432 2409 2458 2555 2667 2716 2628 2472 2241 2001
03    30    91 1815 1729 1719 1739 1808 1959 2180 2448 2621 2593 2459 2303 2154 2029 1951 1905 1954 2070 2224 2357 2323 2180 2002 1822
03    31    91 1666 1586 1572 1578 1628 1742 1949 2226 2372 2356 2262 2143 2060 1973 1902 1873 1919 2021 2139 2278 2244 2115 1901 1713
04    01    91 1575 1527 1519 1535 1640 1935 2341 2609 2682 2682 2652 2581 2535 2495 2459 2451 2502 2637 2761 2793 2651 2443 2153 1898
04    02    91 1711 1653 1633 1638 1746 2059 2467 2737 2771 2788 2800 2755 2659 2573 2486 2426 2472 2607 2792 2921 2813 2609 2317 2035
04    03    91 1865 1806 1805 1822 1935 2264 2682 2955 2994 2960 2907 2807 2747 2666 2619 2625 2718 2858 2952 2943 2786 2552 2263 1976
04    04    91 1796 1717 1697 1701 1799 2082 2473 2729 2777 2789 2760 2703 2661 2639 2635 2647 2736 2892 2923 2908 2746 2508 2236 1968
04    05    91 1790 1705 1674 1669 1751 2036 2420 2690 2772 2724 2628 2541 2425 2351 2289 2253 2271 2352 2485 2655 2603 2461 2285 2062
04    06    91 1901 1811 1791 1795 1842 1973 2169 2481 2770 2913 2909 2809 2663 2495 2394 2404 2503 2611 2685 2768 2664 2499 2304 2085
04    07    91 1918 1841 1835 1828 1839 1892 2021 2221 2477 2660 2742 2698 2610 2467 2335 2255 2225 2287 2370 2522 2740 2652 2375 2097
04    08    91 1891 1825 1820 1848 1957 2295 2850 3164 3089 2921 2788 2655 2610 2568 2535 2575 2685 2896 2993 2988 2958 2727 2408 2084
04    09    91 1869 1790 1752 1769 1868 2191 2735 3056 3003 2842 2768 2665 2567 2492 2463 2472 2501 2626 2695 2740 2894 2756 2471 2144
04    10    91 1930 1867 1859 1890 2017 2357 2938 3237 3205 3034 2878 2764 2656 2570 2476 2404 2411 2456 2501 2597 2796 2708 2436 2129
04    11    91 1951 1900 1920 1975 2108 2483 3070 3363 3254 3018 2793 2606 2466 2365 2277 2224 2223 2263 2340 2412 2618 2546 2292 2004
04    12    91 1814 1779 1800 1836 1976 2347 2917 3187 3017 2787 2595 2435 2303 2227 2138 2099 2086 2115 2130 2156 2300 2222 2029 1817
04    13    91 1647 1571 1556 1582 1649 1779 1984 2291 2523 2548 2478 2319 2182 2063 1951 1911 1937 2001 2048 2108 2232 2147 1979 1781
04    14    91 1620 1525 1514 1495 1523 1577 1723 1997 2309 2517 2574 2538 2451 2353 2197 2111 2107 2184 2223 2302 2474 2401 2102 1804
04    15    91 1641 1575 1561 1588 1680 2037 2572 2857 2838 2747 2662 2532 2440 2354 2268 2225 2222 2267 2290 2331 2497 2397 2105 1812
04    16    91 1625 1568 1561 1581 1697 2071 2597 2850 2762 2577 2433 2310 2213 2156 2112 2066 2073 2115 2144 2172 2347 2261 1990 1705
04    17    91 1536 1476 1472 1504 1623 1966 2501 2775 2768 2669 2590 2493 2433 2350 2275 2236 2221 2251 2273 2310 2488 2395 2109 1831
04    18    91 1656 1584 1566 1597 1705 2015 2489 2741 2708 2634 2555 2432 2310 2201 2140 2085 2100 2123 2139 2178 2350 2277 2014 1755
04    19    91 1572 1526 1512 1543 1651 1972 2450 2721 2720 2600 2479 2341 2235 2162 2094 2043 2034 2055 2033 2009 2115 2066 1892 1693
04    20    91 1498 1417 1396 1407 1457 1569 1762 2029 2245 2317 2247 2135 2016 1916 1828 1795 1820 1864 1871 1862 1988 1944 1785 1587
04    21    91 1441 1359 1339 1326 1359 1429 1540 1763 2046 2202 2261 2196 2102 1992 1878 1815 1831 1899 1945 1995 2181 2141 1889 1637
04    22    91 1466 1408 1399 1417 1507 1795 2241 2538 2593 2570 2536 2469 2398 2323 2229 2190 2208 2281 2310 2308 2459 2365 2087 1813
04    23    91 1629 1584 1582 1601 1715 2046 2491 2726 2641 2506 2427 2368 2360 2343 2357 2375 2452 2560 2604 2600 2635 2450 2148 1850
04    24    91 1678 1602 1578 1602 1696 2029 2518 2771 2718 2617 2554 2452 2404 2349 2330 2327 2391 2543 2588 2561 2668 2572 2278 1983
04    25    91 1794 1733 1733 1746 1852 2165 2653 2913 2834 2724 2618 2497 2417 2331 2235 2221 2228 2296 2325 2345 2503 2455 2205 1919
04    26    91 1744 1699 1698 1716 1841 2165 2640 2893 2852 2746 2645 2535 2429 2339 2270 2238 2266 2273 2260 2257 2365 2353 2178 1915
04    27    91 1736 1636 1604 1598 1628 1747 1945 2230 2519 2663 2639 2496 2347 2199 2073 2014 2021 2068 2103 2106 2231 2206 2054 1847
04    28    91 1680 1615 1593 1592 1611 1694 1822 2081 2361 2526 2566 2555 2529 2422 2335 2265 2252 2279 2287 2347 2449 2390 2102 1837
04    29    91 1671 1604 1583 1623 1740 2061 2541 2796 2734 2641 2545 2452 2368 2274 2201 2150 2137 2197 2208 2214 2361 2335 2073 1808
04    30    91 1614 1561 1569 1605 1738 2088 2595 2805 2656 2479 2370 2267 2198 2143 2091 2074 2070 2119 2117 2114 2229 2204 1939 1659
05    01    91 1439 1441 1398 1434 1532 1866 2357 2584 2490 2354 2281 2194 2145 2117 2067 2046 2066 2103 2107 2082 2185 2194 1936 1645
05    02    91 1447 1362 1371 1387 1484 1814 2309 2531 2461 2330 2241 2170 2129 2093 2068 2056 2066 2088 2094 2074 2182 2198 1939 1662
05    03    91 1462 1414 1384 1395 1482 1795 2266 2511 2479 2379 2304 2213 2151 2102 2050 2019 2031 2038 2021 2005 2057 2057 1900 1685
05    04    91 1510 1433 1410 1402 1427 1519 1685 1986 2268 2392 2337 2211 2091 1963 1879 1833 1852 1888 1932 1927 2000 1975 1815 1614
05    05    91 1453 1387 1346 1333 1346 1409 1503 1739 2035 2225 2296 2254 2168 2082 1996 1942 1975 2056 2106 2126 2191 2150 1877 1616
05    06    91 1460 1383 1365 1368 1464 1744 2206 2503 2493 2439 2404 2351 2293 2242 2204 2171 2211 2268 2307 2302 2369 2287 2014 1730
05    07    91 1540 1469 1446 1451 1528 1795 2273 2551 2557 2475 2435 2382 2339 2284 2255 2274 2314 2425 2433 2465 2472 2342 2037 1757
05    08    91 1588 1511 1490 1507 1602 1916 2412 2696 2636 2543 2465 2392 2338 2288 2250 2236 2267 2348 2374 2385 2456 2443 2165 1856
05    09    91 1675 1605 1609 1619 1731 2062 2585 2857 2779 2639 2520 2381 2308 2259 2196 2197 2249 2341 2355 2318 2390 2366 2115 1820
05    10    91 1612 1541 1520 1517 1600 1898 2383 2647 2602 2497 2409 2311 2249 2196 2141 2126 2128 2128 2119 2067 2107 2141 1993 1772
05    11    91 1565 1484 1453 1442 1479 1567 1733 2041 2290 2394 2341 2207 2099 1983 1906 1875 1885 1925 1931 1931 2000 1991 1858 1662
05    12    91 1489 1394 1368 1355 1369 1433 1555 1825 2128 2317 2355 2294 2224 2119 2032 2010 2018 2089 2109 2136 2236 2245 1969 1695
05    13    91 1516 1447 1430 1457 1536 1830 2313 2570 2546 2466 2428 2384 2324 2250 2194 2177 2195 2254 2276 2262 2324 2302 2017 1744
05    14    91 1555 1490 1457 1493 1579 1888 2370 2639 2590 2457 2373 2310 2248 2202 2147 2115 2141 2197 2213 2198 2258 2272 2023 1736
05    15    91 1557 1495 1486 1507 1602 1915 2382 2600 2494 2361 2279 2200 2145 2117 2074 2064 2080 2124 2135 2107 2149 2172 1938 1636
05    16    91 1458 1375 1354 1356 1430 1688 2149 2439 2398 2309 2263 2221 2157 2123 2088 2100 2106 2148 2165 2163 2217 2163 1916 1641
05    17    91 1447 1367 1368 1352 1415 1673 2121 2417 2467 2447 2435 2389 2360 2327 2314 2317 2376 2431 2427 2354 2327 2235 2025 1794
05    18    91 1598 1494 1454 1434 1466 1549 1743 2016 2305 2471 2505 2447 2338 2220 2129 2091 2092 2130 2148 2107 2100 2078 1920 1705
05    19    91 1543 1448 1409 1400 1384 1457 1554 1789 2060 2244 2333 2294 2227 2131 2045 1995 2011 2066 2099 2131 2174 2172 1884 1633
05    20    91 1424 1373 1351 1356 1427 1712 2148 2446 2458 2400 2395 2306 2249 2180 2126 2091 2108 2164 2168 2120 2155 2177 1940 1639
05    21    91 1447 1370 1339 1345 1422 1697 2147 2442 2446 2380 2348 2282 2220 2165 2103 2094 2130 2191 2209 2185 2208 2213 1966 1671
05    22    91 1477 1423 1394 1414 1510 1807 2288 2557 2527 2455 2392 2308 2254 2199 2134 2097 2122 2175 2181 2172 2231 2278 2027 1720
05    23    91 1534 1480 1445 1472 1562 1868 2352 2601 2550 2440 2353 2260 2195 2147 2104 2095 2102 2183 2219 2202 2251 2271 2004 1708
05    24    91 1522 1442 1427 1444 1530 1801 2275 2610 2642 2581 2512 2380 2310 2219 2159 2138 2136 2148 2149 2107 2110 2147 1968 1745
05    25    91 1557 1475 1442 1434 1449 1536 1679 1910 2174 2303 2294 2200 2088 1998 1921 1865 1880 1931 1945 1917 1961 1970 1838 1652
05    26    91 1498 1412 1384 1367 1380 1448 1548 1761 2022 2190 2220 2174 2097 2000 1885 1823 1798 1839 1847 1842 1888 1969 1829 1646
05    27    91 1471 1391 1379 1363 1388 1461 1570 1761 2012 2223 2298 2233 2107 1975 1884 1859 1898 1995 2030 2090 2143 2139 1881 1603
05    28    91 1434 1358 1347 1368 1461 1748 2243 2503 2489 2402 2350 2299 2221 2174 2137 2101 2138 2183 2179 2160 2206 2207 1946 1663
05    29    91 1477 1382 1373 1371 1447 1717 2173 2432 2421 2350 2333 2277 2230 2220 2190 2221 2267 2337 2377 2357 2374 2322 2064 1767
05    30    91 1555 1500 1486 1492 1577 1876 2353 2644 2608 2526 2468 2379 2296 2219 2165 2146 2173 2241 2268 2240 2250 2259 2021 1714
05    31    91 1541 1468 1435 1439 1523 1779 2252 2524 2496 2411 2352 2256 2190 2148 2101 2056 2061 2063 2043 1993 1975 2031 1903 1681
06    01    91 1481 1389 1361 1340 1369 1440 1588 1846 2094 2212 2220 2152 2043 1948 1867 1820 1829 1859 1858 1828 1849 1915 1819 1619
06    02    91 1429 1344 1309 1293 1318 1348 1454 1650 1903 2086 2150 2127 2106 2035 1957 1927 1965 2009 2041 2041 2094 2167 1960 1670
06    03    91 1479 1426 1423 1441 1535 1821 2308 2589 2555 2484 2444 2344 2286 2222 2169 2149 2190 2278 2266 2242 2258 2294 2084 1768
06    04    91 1595 1519 1510 1537 1648 1962 2453 2666 2566 2442 2383 2309 2229 2176 2116 2127 2154 2183 2191 2142 2153 2215 2027 1739
06    05    91 1532 1483 1459 1489 1593 1889 2359 2596 2517 2419 2386 2261 2201 2148 2107 2089 2120 2155 2143 2090 2082 2154 1964 1637
06    06    91 1439 1368 1338 1322 1394 1621 2039 2320 2343 2304 2278 2226 2181 2151 2126 2124 2152 2197 2202 2143 2158 2180 1989 1680
06    07    91 1484 1402 1369 1361 1435 1665 2092 2390 2443 2409 2399 2344 2307 2260 2217 2212 2217 2255 2226 2150 2097 2121 1956 1743
06    08    91 1524 1416 1387 1356 1389 1441 1576 1814 2075 2224 2254 2189 2091 1970 1893 1849 1858 1876 1870 1827 1815 1872 1808 1621
06    09    91 1444 1368 1319 1313 1324 1346 1436 1619 1842 1988 2041 2019 1962 1889 1812 1788 1815 1860 1867 1888 1907 2008 1857 1570
06    10    91 1373 1287 1265 1263 1334 1540 1940 2214 2264 2259 2259 2238 2204 2179 2160 2145 2161 2199 2184 2149 2150 2132 1902 1620
06    11    91 1436 1347 1329 1320 1395 1622 2029 2304 2353 2329 2299 2244 2190 2152 2122 2117 2132 2167 2150 2113 2144 2163 1968 1678
06    12    91 1478 1400 1363 1369 1443 1696 2143 2402 2414 2360 2325 2258 2215 2176 2123 2120 2157 2205 2213 2164 2165 2199 1991 1693
06    13    91 1510 1433 1400 1408 1486 1729 2173 2418 2416 2372 2338 2280 2223 2176 2132 2112 2142 2187 2189 2161 2151 2178 2001 1713
06    14    91 1519 1430 1412 1406 1487 1729 2144 2416 2451 2423 2375 2315 2246 2179 2140 2105 2120 2130 2108 2052 2035 2055 1931 1725
06    15    91 1549 1454 1414 1399 1413 1477 1615 1863 2101 2224 2235 2167 2077 1983 1905 1879 1926 1980 1963 1959 1952 1959 1849 1672
06    16    91 1499 1413 1384 1374 1385 1414 1520 1754 2018 2173 2225 2186 2137 2079 1963 1930 1923 1955 1974 1999 2055 2104 1919 1652
06    17    91 1469 1400 1388 1391 1476 1725 2145 2386 2432 2428 2411 2354 2292 2235 2168 2140 2138 2166 2157 2110 2099 2134 1971 1697
06    18    91 1483 1414 1397 1403 1492 1718 2107 2315 2329 2305 2279 2222 2197 2144 2118 2091 2102 2135 2122 2083 2070 2111 1963 1673
06    19    91 1449 1372 1339 1326 1390 1586 1954 2210 2253 2256 2274 2237 2209 2190 2152 2141 2160 2193 2163 2104 2099 2130 1941 1654
06    20    91 1446 1367 1334 1326 1390 1586 1921 2202 2309 2354 2385 2365 2337 2301 2251 2238 2268 2346 2368 2316 2281 2225 2010 1732
06    21    91 1546 1466 1422 1425 1486 1698 2045 2312 2378 2371 2363 2307 2253 2207 2155 2125 2120 2146 2132 2092 2060 2036 1900 1686
06    22    91 1494 1400 1366 1350 1367 1432 1557 1777 2029 2215 2241 2193 2110 2012 1933 1889 1894 1918 1914 1888 1874 1893 1814 1626
06    23    91 1450 1350 1309 1284 1293 1310 1376 1560 1793 1964 2037 2026 1987 1913 1844 1810 1819 1874 1896 1894 1925 1989 1844 1579
06    24    91 1382 1316 1288 1287 1363 1556 1907 2156 2233 2274 2298 2268 2250 2208 2174 2135 2144 2172 2178 2132 2112 2106 1934 1666
06    25    91 1460 1372 1338 1331 1387 1586 1906 2162 2239 2267 2278 2246 2222 2195 2152 2133 2145 2192 2207 2167 2142 2115 1932 1655
06    26    91 1465 1378 1350 1339 1403 1605 1938 2165 2242 2255 2260 2221 2186 2163 2122 2102 2111 2143 2135 2086 2072 2091 1939 1658
06    27    91 1455 1366 1330 1327 1388 1582 1911 2144 2219 2262 2275 2245 2212 2192 2166 2152 2153 2164 2145 2091 2061 2104 1981 1706
06    28    91 1477 1370 1329 1318 1364 1513 1830 2064 2179 2231 2260 2232 2201 2178 2135 2122 2112 2118 2054 1976 1929 1955 1884 1669
06    29    91 1465 1359 1304 1291 1299 1336 1430 1625 1882 2078 2177 2174 2136 2065 2001 1967 1967 1981 1971 1928 1911 1905 1823 1631
06    30    91 1462 1361 1313 1291 1299 1312 1380 1555 1778 1946 2007 2007 1967 1900 1851 1820 1837 1873 1913 1908 1927 1954 1850 1598
07    01    91 1401 1326 1285 1289 1336 1505 1785 2013 2162 2261 2311 2291 2258 2234 2176 2172 2174 2199 2167 2118 2090 2116 2017 1717
07    02    91 1500 1401 1355 1332 1383 1527 1817 2064 2182 2286 2322 2320 2291 2273 2249 2243 2237 2251 2225 2176 2130 2174 2061 1784
07    03    91 1533 1419 1357 1342 1387 1521 1825 2084 2215 2308 2344 2326 2291 2267 2234 2204 2199 2180 2135 2069 2011 2034 1925 1714
07    04    91 1493 1376 1312 1282 1288 1286 1379 1548 1794 2006 2092 2064 1987 1889 1811 1778 1752 1760 1725 1693 1660 1672 1601 1554
07    05    91 1419 1303 1262 1261 1297 1362 1546 1757 1936 2057 2141 2137 2107 2050 2000 1973 1962 1978 1957 1903 1863 1895 1783 1608
07    06    91 1427 1326 1285 1263 1282 1296 1378 1759 1542 1935 2006 2000 1929 1858 1794 1780 1802 1827 1827 1797 1785 1817 1778 1590
07    07    91 1407 1303 1262 1245 1240 1231 1293 1436 1647 1829 1938 1942 1917 1868 1826 1813 1846 1896 1906 1896 1908 1967 1883 1612
07    08    91 1411 1328 1290 1287 1333 1475 1758 1994 2143 2244 2301 2293 2278 2252 2210 2201 2219 2244 2215 2156 2119 2140 1997 1706
07    09    91 1467 1374 1326 1312 1350 1498 1775 2001 2106 2172 2212 2203 2184 2153 2105 2088 2096 2137 2135 2076 2055 2070 1895 1615
07    10    91 1429 1352 1316 1302 1347 1526 1803 2027 2138 2188 2220 2198 2181 2145 2106 2091 2097 2125 2113 2050 2031 2090 1933 1666
07    11    91 1461 1370 1331 1318 1373 1515 1802 2021 2131 2200 2235 2230 2217 2201 2190 2170 2184 2206 2174 2120 2101 2126 1975 1692
07    12    91 1485 1390 1343 1330 1365 1503 1779 2025 2158 2248 2304 2307 2277 2262 2237 2218 2218 2217 2167 2097 2042 2068 1970 1751
07    13    91 1536 1414 1345 1329 1315 1347 1420 1592 1829 2031 2116 2115 2061 2000 1937 1897 1885 1898 1899 1859 1839 1867 1779 1566
07    14    91 1409 1319 1260 1243 1244 1254 1314 1466 1695 1865 1961 1973 1935 1870 1817 1799 1833 1879 1890 1887 1922 1970 1806 1584
07    15    91 1398 1311 1290 1274 1336 1508 1772 1985 2098 2200 2256 2234 2227 2210 2150 2128 2137 2182 2168 2136 2103 2097 1896 1638
07    16    91 1457 1355 1319 1314 1356 1544 1806 2021 2122 2187 2230 2210 2205 2172 2140 2132 2147 2186 2159 2102 2067 2101 1948 1669
07    17    91 1467 1376 1332 1325 1372 1538 1817 2030 2143 2203 2253 2238 2215 2190 2143 2121 2130 2169 2154 2083 2067 2088 1936 1657
07    18    91 1467 1370 1341 1329 1381 1544 1842 2050 2145 2211 2251 2235 2215 2191 2162 2138 2155 2176 2155 2101 2077 2130 1971 1697
07    19    91 1484 1394 1351 1345 1379 1530 1818 2041 2166 2244 2261 2247 2211 2176 2143 2110 2114 2109 2064 1996 1954 1994 1897 1686
07    20    91 1474 1370 1319 1302 1311 1354 1441 1634 1888 2048 2114 2090 2026 1948 1901 1873 1895 1932 1918 1884 1859 1908 1794 1601
07    21    91 1436 1339 1286 1269 1259 1284 1318 1474 1705 1890 1987 1997 1981 1922 1874 1844 1869 1909 1922 1914 1918 2005 1882 1617
07    22    91 1429 1352 1316 1302 1367 1515 1779 2001 2152 2255 2326 2314 2303 2283 2256 2231 2247 2256 2234 2183 2155 2205 2043 1756
07    23    91 1528 1422 1375 1357 1398 1553 1806 2047 2180 2277 2333 2342 2330 2331 2318 2300 2300 2307 2272 2230 2206 2275 2121 1844
07    24    91 1615 1510 1450 1427 1464 1612 1849 2059 2173 2248 2306 2296 2276 2232 2189 2168 2189 2219 2200 2139 2123 2108 1895 1642
07    25    91 1461 1381 1326 1324 1365 1539 1790 2000 2117 2197 2241 2237 2207 2181 2146 2119 2124 2164 2143 2099 2081 2102 1922 1668
07    26    91 1475 1378 1341 1328 1378 1539 1796 2025 2131 2208 2233 2216 2194 2167 2136 2115 2115 2127 2078 2005 1968 2018 1887 1679
07    27    91 1465 1361 1306 1280 1289 1329 1404 1598 1849 2018 2083 2074 2022 1963 1907 1881 1898 1921 1913 1861 1849 1918 1809 1616
07    28    91 1454 1348 1300 1267 1268 1280 1312 1471 1706 1877 1982 1977 1950 1899 1857 1838 1876 1921 1933 1917 1930 2033 1864 1605
07    29    91 1411 1326 1295 1290 1337 1499 1741 1981 2112 2203 2268 2266 2243 2234 2201 2168 2181 2206 2180 2116 2101 2135 1920 1668
07    30    91 1462 1379 1333 1327 1373 1527 1789 2012 2118 2205 2239 2246 2230 2210 2199 2172 2201 2216 2187 2128 2111 2180 1987 1705
07    31    91 1499 1404 1358 1352 1386 1538 1797 2013 2131 2225 2272 2261 2255 2249 2220 2203 2221 2238 2200 2127 2120 2169 1971 1686
08    01    91 1451 1356 1292 1317 1332 1518 1763 1969 2102 2175 2226 2219 2199 2181 2142 2139 2138 2165 2137 2085 2086 2141 1971 1703
08    02    91 1500 1404 1349 1332 1380 1522 1759 1993 2128 2207 2258 2242 2222 2193 2164 2157 2150 2151 2104 2041 2003 2053 1906 1687
08    03    91 1470 1371 1320 1300 1295 1339 1424 1623 1883 2063 2141 2107 2035 1983 1934 1929 1945 1976 1952 1908 1917 1981 1854 1630
08    04    91 1442 1344 1294 1264 1264 1271 1324 1485 1726 1913 1981 1988 1953 1910 1865 1860 1897 1944 1955 1935 1966 2046 1867 1602
08    05    91 1419 1345 1307 1309 1352 1526 1784 1977 2128 2224 2295 2285 2267 2239 2205 2183 2197 2223 2200 2149 2147 2176 1939 1670
08    06    91 1479 1386 1340 1331 1363 1532 1783 1992 2114 2210 2248 2256 2251 2241 2210 2192 2211 2233 2208 2156 2173 2196 1971 1696
08    07    91 1502 1396 1354 1336 1387 1545 1796 2003 2122 2214 2273 2281 2286 2263 2235 2224 2215 2249 2224 2202 2188 2164 1944 1686
08    08    91 1485 1387 1354 1329 1383 1549 1817 2030 2150 2275 2342 2342 2329 2305 2295 2263 2276 2275 2247 2180 2193 2217 2015 1743
08    09    91 1527 1427 1378 1359 1399 1552 1804 2009 2149 2250 2289 2281 2240 2218 2173 2129 2124 2136 2108 2041 2035 2001 1810 1610
08    10    91 1420 1333 1280 1256 1264 1311 1400 1576 1843 2037 2108 2092 2032 1945 1884 1848 1864 1891 1887 1885 1905 1887 1733 1548
08    11    91 1387 1298 1255 1242 1249 1276 1316 1464 1703 1886 1972 1969 1936 1869 1810 1779 1805 1841 1857 1844 1912 1979 1774 1543
08    12    91 1376 1289 1258 1263 1319 1512 1766 1982 2113 2212 2265 2262 2243 2230 2202 2192 2197 2225 2214 2160 2178 2159 1906 1650
08    13    91 1445 1357 1313 1306 1349 1524 1786 1994 2110 2196 2256 2248 2240 2222 2194 2183 2198 2220 2197 2136 2156 2169 1929 1650
08    14    91 1460 1366 1318 1291 1345 1514 1755 1990 2116 2209 2258 2255 2245 2227 2216 2215 2224 2240 2208 2150 2156 2171 1955 1686
08    15    91 1486 1388 1337 1321 1366 1537 1784 2013 2151 2251 2308 2307 2289 2290 2272 2263 2270 2283 2249 2191 2225 2248 2028 1756
08    16    91 1539 1431 1373 1349 1384 1533 1781 1987 2132 2221 2257 2254 2236 2219 2204 2170 2177 2175 2127 2056 2070 2074 1896 1677
08    17    91 1498 1399 1340 1313 1303 1365 1426 1609 1858 2046 2113 2111 2054 1991 1959 1940 1967 1991 1977 1937 1993 1998 1859 1648
08    18    91 1473 1376 1315 1285 1295 1305 1324 1479 1723 1918 2012 2018 2004 1969 1918 1916 1948 1983 1982 1982 2075 2120 1907 1672
08    19    91 1488 1407 1366 1350 1396 1573 1799 2013 2173 2295 2368 2370 2366 2360 2336 2322 2325 2325 2300 2248 2287 2265 2031 1759
08    20    91 1529 1432 1382 1353 1401 1568 1796 2016 2148 2248 2290 2305 2288 2277 2263 2256 2265 2293 2250 2197 2246 2221 1988 1716
08    21    91 1516 1419 1360 1352 1393 1562 1804 2007 2148 2234 2283 2295 2278 2280 2263 2248 2269 2285 2237 2195 2237 2217 1970 1699
08    22    91 1510 1422 1379 1356 1399 1564 1792 2002 2134 2234 2289 2286 2271 2257 2245 2233 2239 2262 2221 2165 2219 2180 1930 1667
08    23    91 1490 1392 1345 1334 1370 1543 1779 1989 2131 2203 2235 2212 2187 2144 2106 2076 2066 2080 2038 1997 2049 1977 1812 1599
08    24    91 1428 1345 1294 1274 1289 1341 1441 1626 1873 2039 2078 2045 1990 1919 1868 1846 1853 1883 1880 1857 1935 1885 1726 1539
08    25    91 1389 1309 1267 1253 1256 1296 1360 1520 1750 1928 1993 1983 1939 1883 1828 1812 1839 1875 1894 1898 2006 1987 1759 1544
08    26    91 1380 1308 1275 1276 1347 1534 1825 2046 2157 2242 2276 2246 2225 2189 2147 2140 2148 2196 2203 2189 2255 2133 1860 1627
08    27    91 1445 1360 1322 1318 1366 1548 1846 2064 2181 2287 2322 2311 2274 2247 2195 2170 2175 2232 2221 2227 2257 2131 1883 1634
08    28    91 1452 1376 1345 1336 1390 1577 1885 2089 2204 2283 2308 2296 2273 2221 2192 2185 2220 2279 2299 2283 2314 2163 1907 1667
08    29    91 1475 1394 1362 1353 1397 1595 1894 2116 2229 2293 2304 2274 2243 2194 2145 2110 2128 2166 2150 2147 2207 2082 1874 1642
08    30    91 1463 1371 1327 1306 1358 1514 1780 1997 2142 2241 2279 2271 2229 2187 2149 2119 2112 2107 2074 2035 2086 1992 1795 1595
08    31    91 1415 1341 1273 1250 1255 1299 1389 1544 1795 1999 2082 2080 2027 1952 1890 1863 1872 1904 1919 1922 1965 1872 1716 1550
09    01    91 1402 1325 1283 1270 1274 1313 1372 1514 1752 1925 1984 1953 1900 1845 1782 1751 1749 1793 1785 1787 1906 1833 1692 1516
09    02    91 1367 1291 1256 1252 1262 1333 1398 1557 1788 1992 2091 2065 1985 1903 1837 1819 1852 1919 1950 1993 2130 2030 1759 1524
09    03    91 1368 1296 1267 1266 1314 1532 1869 2097 2157 2215 2247 2219 2191 2185 2153 2150 2143 2188 2159 2179 2312 2161 1864 1597
09    04    91 1418 1328 1298 1287 1341 1559 1954 2175 2182 2187 2217 2197 2179 2181 2166 2173 2200 2224 2202 2187 2322 2165 1858 1588
09    05    91 1409 1331 1292 1287 1343 1562 1962 2171 2188 2208 2227 2217 2202 2195 2183 2187 2211 2237 2211 2209 2320 2165 1889 1607
09    06    91 1428 1340 1305 1302 1343 1544 1936 2153 2192 2209 2227 2207 2179 2167 2142 2136 2137 2142 2100 2084 2141 1998 1803 1596
09    07    91 1421 1329 1286 1255 1264 1327 1420 1594 1851 2049 2119 2099 2045 1964 1906 1883 1906 1950 1959 1970 1987 1872 1709 1532
09    08    91 1374 1291 1252 1233 1232 1278 1361 1528 1785 1968 2040 2033 1998 1926 1848 1809 1838 1893 1921 1977 2117 1981 1732 1497
09    09    91 1347 1286 1282 1295 1368 1631 2085 2311 2288 2232 2215 2175 2142 2112 2087 2076 2094 2137 2144 2186 2284 2093 1816 1543
09    10    91 1377 1312 1277 1281 1339 1589 2019 2243 2237 2178 2180 2153 2134 2123 2115 2110 2129 2163 2148 2193 2303 2114 1822 1564
09    11    91 1392 1320 1296 1295 1351 1589 2023 2246 2238 2214 2217 2172 2132 2114 2081 2081 2097 2150 2155 2191 2285 2106 1827 1571
09    12    91 1396 1330 1298 1296 1354 1581 2013 2237 2267 2246 2246 2206 2169 2144 2099 2099 2132 2169 2186 2248 2309 2127 1862 1591
09    13    91 1424 1349 1307 1309 1372 1586 2013 2244 2260 2240 2228 2173 2131 2106 2072 2061 2058 2076 2063 2077 2116 1972 1792 1602
09    14    91 1430 1352 1317 1308 1346 1433 1576 1809 2055 2168 2162 2096 2008 1927 1853 1830 1844 1885 1914 1952 2017 1893 1719 1537
09    15    91 1402 1319 1283 1271 1293 1337 1449 1640 1884 2007 2037 2008 1963 1893 1828 1803 1838 1902 1927 2021 2131 1974 1715 1479
09    16    91 1336 1283 1261 1271 1344 1588 2036 2259 2226 2244 2235 2229 2208 2188 2141 2143 2168 2198 2199 2270 2326 2095 1817 1560
09    17    91 1399 1320 1296 1287 1343 1568 1994 2200 2201 2205 2217 2201 2185 2182 2168 2169 2185 2197 2202 2284 2301 2101 1825 1580
09    18    91 1400 1319 1284 1272 1325 1548 1954 2173 2196 2205 2223 2214 2206 2197 2189 2196 2211 2247 2227 2286 2337 2145 1852 1603
09    19    91 1422 1339 1302 1298 1347 1573 1988 2194 2217 2204 2216 2191 2180 2159 2142 2144 2161 2183 2175 2263 2286 2096 1828 1570
09    20    91 1394 1323 1290 1289 1339 1558 1995 2248 2255 2242 2227 2170 2123 2099 2060 2039 2037 2060 2072 2140 2131 1979 1804 1603
09    21    91 1449 1361 1328 1325 1357 1442 1614 1855 2121 2217 2195 2117 2027 1944 1866 1832 1859 1900 1925 2024 2031 1903 1741 1561
09    22    91 1424 1350 1317 1314 1328 1397 1517 1744 2003 2158 2148 2085 2024 1949 1885 1861 1901 1955 2006 2151 2168 1991 1729 1507
09    23    91 1362 1299 1290 1294 1381 1643 2121 2361 2335 2283 2260 2226 2194 2168 2129 2123 2138 2185 2192 2312 2322 2101 1810 1572
09    24    91 1398 1332 1313 1308 1369 1627 2080 2291 2260 2220 2215 2177 2154 2150 2135 2137 2164 2201 2220 2316 2314 2086 1820 1568
09    25    91 1392 1323 1287 1287 1339 1583 2023 2235 2229 2205 2198 2193 2186 2189 2172 2181 2202 2239 2235 2331 2329 2121 1835 1577
09    26    91 1404 1326 1305 1284 1341 1573 2012 2221 2220 2206 2213 2188 2165 2165 2152 2156 2178 2216 2229 2337 2309 2117 1844 1581
09    27    91 1401 1331 1299 1292 1345 1569 1995 2243 2262 2249 2244 2205 2163 2137 2095 2081 2113 2188 2227 2242 2146 1979 1785 1591
09    28    91 1412 1340 1294 1269 1287 1347 1481 1693 1959 2144 2177 2148 2079 2000 1932 1910 1929 1955 1984 2086 2045 1905 1745 1572
09    29    91 1421 1350 1304 1298 1305 1350 1451 1643 1926 2081 2126 2084 2017 1942 1879 1841 1871 1944 2015 2203 2174 2002 1740 1517
09    30    91 1362 1303 1291 1299 1383 1652 2138 2381 2371 2302 2268 2212 2184 2162 2139 2114 2135 2179 2244 2384 2350 2119 1837 1588
10    01    91 1414 1350 1321 1323 1395 1656 2133 2373 2335 2249 2199 2135 2106 2082 2067 2064 2077 2144 2195 2338 2295 2091 1817 1558
10    02    91 1397 1343 1316 1326 1388 1657 2128 2377 2366 2291 2269 2217 2164 2136 2080 2054 2086 2152 2222 2396 2337 2173 1893 1647
10    03    91 1471 1416 1396 1398 1482 1766 2264 2531 2497 2408 2334 2246 2176 2141 2108 2083 2111 2178 2250 2419 2380 2187 1922 1659
10    04    91 1501 1438 1424 1433 1523 1814 2319 2618 2556 2426 2324 2225 2158 2121 2086 2068 2081 2093 2136 2252 2171 2014 1836 1631
10    05    91 1467 1399 1363 1359 1397 1506 1685 1960 2219 2283 2216 2125 2022 1931 1868 1831 1849 1911 1966 2090 2003 1866 1696 1527
10    06    91 1381 1320 1291 1286 1302 1365 1481 1689 1965 2103 2117 2079 1999 1939 1874 1840 1863 1948 2092 2234 2151 1967 1715 1477
10    07    91 1334 1284 1266 1273 1354 1628 2121 2381 2367 2319 2275 2213 2167 2132 2098 2081 2105 2167 2291 2431 2349 2139 1870 1612
10    08    91 1445 1384 1355 1373 1464 1805 2347 2608 2557 2444 2359 2250 2177 2133 2082 2070 2111 2200 2327 2480 2380 2181 1910 1650
10    09    91 1473 1420 1405 1425 1520 1833 2364 2640 2578 2432 2320 2221 2156 2121 2089 2087 2107 2179 2283 2398 2309 2123 1848 1588
10    10    91 1430 1371 1356 1368 1460 1757 2275 2541 2472 2329 2237 2174 2138 2110 2091 2084 2105 2154 2243 2372 2270 2076 1854 1605
10    11    91 1435 1365 1340 1352 1421 1672 2093 2355 2399 2351 2298 2241 2175 2158 2125 2108 2097 2115 2164 2223 2129 1966 1776 1580
10    12    91 1406 1331 1286 1273 1290 1350 1491 1722 1976 2131 2165 2095 2019 1932 1866 1862 1874 1934 2042 2135 2025 1891 1727 1557
10    13    91 1422 1349 1323 1322 1339 1410 1543 1776 2067 2166 2158 2080 2009 1941 1866 1834 1883 1943 2100 2209 2166 2009 1763 1546
10    14    91 1395 1343 1336 1347 1426 1698 2189 2476 2454 2372 2333 2259 2207 2146 2101 2086 2119 2167 2287 2403 2288 2072 1793 1553
10    15    91 1394 1318 1310 1312 1396 1678 2172 2448 2394 2283 2245 2190 2150 2116 2091 2074 2114 2163 2295 2395 2277 2059 1801 1553
10    16    91 1379 1310 1279 1284 1351 1612 2080 2355 2278 2210 2243 2210 2185 2160 2125 2117 2165 2278 2487 2580 2485 2296 1999 1719
10    17    91 1562 1486 1476 1491 1599 1922 2498 2790 2723 2549 2433 2327 2242 2181 2109 2096 2142 2273 2504 2632 2540 2361 2075 1796
10    18    91 1622 1554 1539 1537 1626 1934 2462 2763 2701 2556 2468 2350 2261 2176 2117 2096 2132 2236 2378 2402 2267 2096 1908 1687
10    19    91 1509 1426 1387 1365 1401 1459 1653 1916 2197 2336 2314 2219 2112 2014 1929 1886 1934 2013 2193 2230 2140 1995 1828 1652
10    20    91 1510 1438 1403 1404 1408 1486 1615 1846 2143 2283 2267 2183 2115 2031 1953 1927 1972 2082 2266 2326 2238 2039 1758 1521
10    21    91 1383 1325 1299 1303 1383 1644 2131 2423 2417 2393 2369 2310 2244 2205 2167 2176 2220 2360 2565 2603 2484 2279 1999 1727
10    22    91 1542 1480 1470 1472 1573 1871 2424 2723 2678 2592 2559 2518 2475 2445 2409 2432 2524 2687 2857 2837 2689 2459 2150 1843
10    23    91 1678 1627 1597 1612 1715 2039 2578 2862 2826 2707 2646 2581 2526 2495 2435 2453 2561 2736 2901 2884 2745 2513 2197 1898
10    24    91 1697 1629 1599 1614 1710 2031 2573 2876 2861 2765 2715 2633 2583 2521 2475 2488 2563 2720 2916 2898 2773 2565 2230 1939
10    25    91 1738 1667 1641 1653 1743 2063 2597 2918 2894 2792 2720 2641 2578 2552 2506 2521 2591 2720 2850 2770 2628 2444 2226 1981
10    26    91 1772 1690 1643 1644 1672 1788 1993 2307 2640 2789 2745 2654 2546 2446 2396 2389 2453 2585 2733 2654 2537 2395 2214 2015
10    27    91 1837 1742 1695 1714 1781 1896 2129 2481 2770 2829 2766 2651 2533 2468 2407 2408 2597 2868 2895 2830 2691 2513 2230 1987
10    28    91 1866 1855 1879 1932 2097 2504 3095 3331 3246 3095 3007 2922 2884 2851 2856 2933 3106 3382 3397 3293 3110 2832 2498 2204
10    29    91 2037 1992 1998 2042 2210 2619 3222 3428 3260 3031 2873 2731 2640 2560 2519 2573 2772 3206 3320 3276 3144 2919 2590 2297
10    30    91 2131 2099 2119 2183 2359 2779 3385 3602 3407 3151 2957 2788 2673 2617 2599 2684 2869 3165 3203 3090 2951 2714 2382 2083
10    31    91 1899 1833 1819 1854 1987 2357 2904 3142 3060 2928 2879 2810 2758 2723 2694 2750 2928 3118 3026 2911 2811 2654 2347 2059
11    01    91 1883 1824 1817 1827 1946 2291 2818 3077 3022 2900 2826 2732 2678 2647 2617 2684 2830 3083 3059 2901 2758 2564 2352 2120
11    02    91 1930 1874 1858 1876 1943 2101 2345 2695 2939 2937 2814 2634 2486 2357 2298 2328 2562 2902 2897 2756 2636 2448 2270 2061
11    03    91 1912 1829 1813 1813 1881 1978 2169 2470 2759 2847 2823 2720 2644 2559 2496 2507 2643 2910 2889 2790 2659 2456 2166 1906
11    04    91 1738 1680 1672 1691 1800 2127 2649 2922 2887 2799 2725 2634 2577 2520 2478 2513 2675 2941 2948 2826 2670 2423 2123 1833
11    05    91 1649 1584 1551 1555 1631 1923 2419 2648 2596 2518 2489 2442 2398 2367 2346 2390 2533 2790 2814 2733 2600 2399 2121 1850
11    06    91 1688 1613 1592 1615 1720 2035 2564 2837 2769 2646 2558 2470 2411 2371 2340 2380 2582 2923 2953 2848 2715 2495 2198 1934
11    07    91 1740 1675 1650 1666 1762 2080 2582 2852 2774 2670 2599 2514 2434 2374 2322 2333 2493 2771 2784 2693 2539 2326 2063 1799
11    08    91 1611 1536 1507 1509 1590 1880 2359 2635 2626 2568 2518 2466 2405 2337 2306 2320 2431 2693 2668 2535 2420 2247 2057 1833
11    09    91 1652 1552 1513 1509 1536 1649 1836 2131 2414 2520 2514 2478 2385 2300 2258 2301 2513 2657 2600 2449 2323 2176 2001 1804
11    10    91 1640 1552 1506 1491 1516 1566 1707 1943 2222 2387 2444 2414 2365 2289 2226 2205 2376 2616 2578 2472 2348 2194 1975 1762
11    11    91 1607 1522 1517 1528 1610 1849 2178 2453 2601 2713 2743 2678 2658 2595 2517 2485 2601 2864 2835 2723 2565 2355 2064 1808
11    12    91 1638 1564 1535 1541 1621 1908 2376 2640 2603 2511 2474 2420 2388 2372 2345 2385 2588 2868 2872 2784 2649 2455 2174 1900
11    13    91 1707 1635 1619 1636 1744 2095 2637 2906 2837 2706 2637 2610 2597 2567 2523 2608 2818 3082 3064 2943 2806 2595 2270 1981
11    14    91 1811 1732 1713 1738 1854 2204 2768 3043 2959 2818 2702 2593 2546 2475 2429 2455 2721 3085 3132 3084 2972 2770 2470 2184
11    15    91 2003 1952 1952 1986 2133 2505 3086 3375 3268 3067 2899 2738 2641 2577 2518 2567 2781 3022 2983 2857 2694 2510 2281 2042
11    16    91 1845 1748 1712 1709 1739 1843 2059 2366 2696 2881 2912 2842 2706 2608 2548 2567 2714 2858 2795 2649 2508 2342 2124 1480
11    17    91 1262 1302 1341 1368 1400 1505 1653 1887 2164 2370 2431 2375 2342 2309 2307 2386 2616 2787 2747 2664 2555 2372 2106 1849
11    18    91 1687 1638 1627 1652 1760 2100 2628 2850 2876 2794 2724 2633 2559 2493 2488 2563 2802 3060 3054 2943 2790 2559 2255 1954
11    19    91 1766 1696 1655 1675 1782 2111 2626 2933 2899 2832 2793 2737 2715 2685 2680 2719 2917 3113 3084 2942 2785 2559 2226 1938
11    20    91 1752 1681 1654 1674 1778 2109 2649 2961 2926 2835 2806 2765 2726 2688 2631 2651 2899 3181 3177 3076 2934 2723 2399 2097
11    21    91 1904 1838 1822 1842 1955 2307 2847 3163 3063 2922 2801 2707 2641 2590 2545 2595 2878 3219 3271 3186 3064 2840 2521 2207
11    22    91 2011 1966 1958 2010 2156 2537 3123 3455 3362 3168 2998 2843 2711 2621 2582 2674 2923 3196 3185 3052 2907 2714 2473 2205
11    23    91 2007 1905 1853 1856 1902 2019 2214 2530 2871 3059 3055 2945 2825 2712 2643 2643 2819 2986 2910 2763 2604 2458 2247 2028
11    24    91 1844 1743 1687 1681 1703 1785 1921 2178 2492 2712 2781 2737 2687 2638 2590 2586 2764 2880 2818 2735 2595 2417 2116 1850
11    25    91 1670 1581 1569 1591 1687 2016 2544 2838 2824 2737 2694 2617 2570 2527 2508 2574 2806 3036 3044 2971 2826 2604 2292 1992
11    26    91 1776 1709 1678 1699 1816 2150 2682 3021 2988 2910 2850 2769 2737 2703 2681 2759 2972 3174 3174 3085 2960 2732 2427 2107
11    27    91 1907 1820 1805 1829 1941 2307 2842 3185 3142 3025 2930 2835 2772 2768 2722 2745 2951 3172 3163 3068 2929 2757 2509 2233
11    28    91 2010 1910 1862 1856 1905 2028 2219 2517 2878 3129 3220 3145 2958 2716 2526 2382 2342 2360 2382 2347 2348 2333 2255 2072
11    29    91 1933 1884 1867 1903 1983 2191 2501 2789 3022 3047 2960 2788 2634 2538 2460 2507 2781 3062 3088 3022 2932 2789 2593 2371
11    30    91 2185 2097 2062 2058 2086 2186 2368 2638 2974 3152 3137 3042 2876 2783 2717 2723 2918 3059 3027 2906 2770 2605 2394 2156
12    01    91 1959 1854 1814 1809 1828 1916 2053 2304 2608 2828 2898 2867 2802 2721 2630 2621 2787 2936 2922 2860 2739 2546 2261 1979
12    02    91 1807 1743 1725 1770 1898 2275 2843 3155 3136 3035 2928 2825 2733 2686 2671 2738 2986 3209 3221 3110 2963 2746 2390 2068
12    03    91 1840 1766 1729 1736 1835 2177 2717 3021 2974 2862 2794 2717 2656 2602 2540 2606 2857 3082 3093 2994 2850 2638 2351 2018
12    04    91 1802 1735 1705 1722 1825 2166 2695 3007 2953 2833 2747 2658 2606 2573 2557 2606 2854 3075 3067 2966 2834 2638 2316 2000
12    05    91 1794 1714 1681 1706 1792 2097 2617 2900 2885 2809 2762 2705 2657 2626 2683 2618 2860 3026 3026 2920 2796 2606 2311 2011
12    06    91 1806 1734 1703 1720 1834 2163 2671 3010 2987 2890 2827 2784 2747 2707 2686 2731 2934 3112 3042 2914 2783 2634 2408 2154
12    07    91 1944 1843 1788 1787 1821 1962 2182 2508 2842 2969 2927 2815 2688 2600 2584 2647 2880 3026 2973 2833 2708 2562 2371 2144
12    08    91 1920 1783 1721 1699 1729 1797 1942 2187 2513 2718 2759 2673 2606 2551 2510 2523 2746 2951 2938 2866 2773 2588 2292 1989
12    09    91 1782 1710 1685 1699 1813 2169 2724 3037 3047 2984 2945 2893 2835 2776 2729 2784 3053 3323 3353 3268 3142 2939 2593 2239
12    10    91 2031 1982 1980 2013 2171 2569 3167 3500 3430 3271 3148 3026 2981 2941 2867 2977 3248 3477 3468 3354 3219 2981 2644 2275
12    11    91 2061 1983 1960 1966 2086 2439 2976 3247 3188 3052 2977 2877 2801 2757 2721 2777 3010 3278 3283 3188 3058 2848 2512 2161
12    12    91 1942 1857 1829 1828 1923 2256 2806 3134 3089 2980 2886 2771 2683 2643 2602 2736 3038 3328 3355 3283 3197 2997 2681 2328
12    13    91 2117 2047 2033 2079 2230 2633 3244 3598 3563 3376 3177 2981 2917 2923 2919 2986 3229 3445 3402 3246 3130 2971 2751 2477
12    14    91 2242 2157 2139 2165 2241 2418 2672 3039 3389 3483 3330 3102 2901 2748 2678 2730 3070 3339 3296 3200 3102 2980 2813 2572
12    15    91 2371 2263 2236 2256 2325 2459 2666 2980 3319 3470 3425 3269 3134 3030 2926 2958 3242 3413 3435 3420 3343 3147 2823 2474
12    16    91 2282 2227 2225 2272 2429 2832 3434 3781 3753 3617 3472 3320 3198 3101 3052 3127 3461 3776 3818 3736 3584 3347 2947 2548
12    17    91 2316 2246 2227 2262 2403 2780 3371 3697 3648 3488 3343 3181 3073 3004 2932 3044 3338 3604 3601 3475 3314 3082 2731 2365
12    18    91 2141 2057 2021 2037 2145 2527 3084 3408 3391 3280 3191 3085 2990 2924 2876 2954 3195 3414 3428 3305 3202 3023 2695 2339
12    19    91 2097 2013 2004 2024 2159 2533 3118 3432 3405 3276 3164 3043 2940 2894 2824 2873 3155 3439 3444 3346 3237 3046 2735 2369
12    20    91 2130 2024 1990 2029 2156 2534 3114 3494 3474 3328 3185 2970 2798 2738 2714 2800 3089 3321 3284 3138 2995 2822 2600 2303
12    21    91 2065 1947 1884 1868 1900 2018 2199 2510 2849 3071 3072 3003 2874 2757 2698 2717 2890 3053 2970 2846 2725 2576 2389 2167
12    22    91 1958 1823 1763 1747 1776 1874 2044 2333 2662 2858 2863 2774 2700 2618 2561 2576 2791 2962 2934 2863 2784 2647 2396 2124
12    23    91 1893 1796 1766 1780 1869 2129 2526 2866 3055 3125 3093 2990 2881 2804 2754 2778 2977 3163 3168 3075 2963 2809 2581 2276
12    24    91 2025 1901 1845 1839 1907 2108 2442 2758 3001 3125 3111 3013 2874 2788 2748 2744 2868 2916 2742 2573 2500 2422 2315 2161
12    25    91 1950 1815 1733 1719 1755 1880 2075 2359 2656 2794 2794 2732 2630 2523 2417 2378 2436 2504 2481 2479 2452 2380 2198 1953
12    26    91 1771 1679 1649 1662 1740 1942 2230 2546 2727 2835 2884 2818 2737 2689 2646 2667 2813 2989 2969 2873 2754 2575 2315 2052
12    27    91 1840 1729 1699 1692 1750 1958 2258 2540 2728 2833 2846 2755 2628 2543 2468 2478 2685 2920 2900 2810 2704 2531 2337 2107
12    28    91 1905 1812 1777 1785 1833 1947 2118 2373 2676 2909 2963 2896 2785 2685 2603 2618 2771 2921 2875 2744 2638 2486 2297 2070
12    29    91 1877 1763 1719 1701 1741 1835 1993 2229 2514 2739 2802 2766 2683 2586 2501 2503 2751 2919 2895 2805 2683 2539 2290 2035
12    30    91 1841 1754 1734 1747 1834 2083 2440 2714 2872 2954 2947 2827 2691 2586 2519 2538 2759 3062 3086 3017 2903 2720 2452 2170
12    31    91 1967 1870 1841 1857 1952 2211 2571 2859 3031 3076 2996 2871 2744 2647 2597 2643 2861 3120 3062 2869 2673 2482 2327 2201