Podaci 15-minutnih optereæenja za: 25.5.2011.
 Vrijeme   Interval  P15(kW)  Q15(kVAr)
00:00:10,       0,     175,      28
00:00:29,       0,     176,      28
00:00:45,       0,     178,      29
00:01:03,       0,     177,      29
00:01:19,       0,     182,      29
00:01:34,       0,     183,      29
00:01:49,       0,     187,      32
00:02:04,       0,     186,      33
00:02:18,       0,     184,      33
00:02:32,       0,     185,      33
00:02:45,       0,     185,      33
00:02:59,       0,     182,      33
00:03:14,       0,     177,      34
00:03:29,       0,     178,      34
00:03:45,       0,     181,      33
00:04:02,       0,     180,      34
00:04:16,       0,     177,      33
00:04:30,       0,     183,      33
00:04:43,       0,     182,      32
00:04:57,       0,     180,      33
00:05:12,       0,     180,      33
00:05:28,       0,     180,      33
00:05:43,       0,     180,      29
00:06:01,       0,     180,      28
00:06:17,       0,     180,      28
00:06:35,       0,     173,      29
00:06:52,       0,     175,      29
00:07:07,       0,     175,      29
00:07:23,       0,     172,      29
00:07:38,       0,     176,      29
00:07:53,       0,     176,      26
00:08:08,       0,     170,      22
00:08:22,       0,     170,      23
00:08:36,       0,     168,      22
00:08:50,       0,     172,      22
00:09:06,       0,     168,      23
00:09:27,       0,     174,      23
00:09:44,       0,     174,      23
00:10:00,       0,     173,      23
00:10:17,       0,     172,      23
00:10:36,       0,     166,      22
00:10:51,       0,     171,      23
00:11:07,       0,     172,      23
00:11:24,       0,     169,      23
00:11:42,       0,     180,      22
00:11:59,       0,     171,      22
00:12:17,       0,     163,      22
00:12:33,       0,     163,      20
00:12:51,       0,     165,      20
00:13:10,       0,     166,      20
00:13:26,       0,     170,      21
00:13:44,       0,     162,      20
00:14:00,       0,     166,      20
00:14:17,       0,     173,      20
00:14:32,       0,     168,      20
00:14:47,       0,     164,      20
00:15:03,       1,     162,      20
00:15:18,       1,     166,      21
00:15:33,       1,     165,      21
00:15:47,       1,     163,      21
00:16:02,       1,     166,      21
00:16:16,       1,     170,      20
00:16:30,       1,     171,      21
00:16:45,       1,     170,      21
00:17:00,       1,     177,      21
00:17:20,       1,     178,      21
00:17:38,       1,     171,      21
00:17:55,       1,     169,      21
00:18:13,       1,     169,      21
00:18:28,       1,     171,      20
00:18:46,       1,     170,      20
00:19:02,       1,     169,      21
00:19:22,       1,     170,      21
00:19:44,       1,     166,      20
00:20:03,       1,     167,      19
00:20:22,       1,     170,      20
00:20:39,       1,     179,      20
00:20:58,       1,     175,      20
00:21:13,       1,     166,      19
00:21:28,       1,     163,      19
00:21:45,       1,     161,      19
00:22:00,       1,     159,      19
00:22:14,       1,     161,      19
00:22:28,       1,     163,      20
00:22:42,       1,     168,      20
00:22:56,       1,     166,      19
00:23:12,       1,     162,      19
00:23:29,       1,     164,      20
00:23:47,       1,     176,      20
00:24:01,       1,     166,      20
00:24:17,       1,     170,      20
00:24:30,       1,     165,      20
00:24:44,       1,     171,      20
00:24:58,       1,     169,      21
00:25:13,       1,     169,      21
00:25:26,       1,     173,      22
00:25:40,       1,     174,      23
00:25:55,       1,     175,      25
00:26:09,       1,     176,      27
00:26:23,       1,     175,      27
00:26:37,       1,     177,      28
00:26:52,       1,     187,      28
00:27:10,       1,     180,      27
00:27:24,       1,     182,      27
00:27:38,       1,     179,      26
00:27:53,       1,     181,      26
00:28:08,       1,     176,      28
00:28:22,       1,     179,      29
00:28:36,       1,     180,      28
00:28:50,       1,     176,      28
00:29:05,       1,     176,      28
00:29:20,       1,     178,      28
00:29:36,       1,     179,      28
00:29:51,       1,     179,      29
00:30:05,       2,     186,      29
00:30:22,       2,     178,      29
00:30:39,       2,     170,      28
00:30:57,       2,     173,      28
00:31:14,       2,     175,      28
00:31:32,       2,     172,      29
00:31:51,       2,     174,      29
00:32:11,       2,     171,      26
00:32:28,       2,     172,      26
00:32:47,       2,     170,      26
00:33:07,       2,     174,      26
00:33:25,       2,     176,      26
00:33:45,       2,     173,      25
00:34:03,       2,     173,      26
00:34:20,       2,     176,      26
00:34:36,       2,     177,      26
00:34:53,       2,     172,      26
00:35:08,       2,     176,      27
00:35:24,       2,     177,      27
00:35:39,       2,     177,      28
00:35:54,       2,     176,      28
00:36:10,       2,     178,      28
00:36:26,       2,     181,      28
00:36:39,       2,     173,      28
00:36:55,       2,     170,      25
00:37:10,       2,     170,      25
00:37:24,       2,     170,      25
00:37:38,       2,     174,      25
00:37:53,       2,     172,      26
00:38:12,       2,     170,      25
00:38:26,       2,     167,      24
00:38:40,       2,     167,      24
00:38:57,       2,     169,      25
00:39:11,       2,     172,      26
00:39:25,       2,     181,      26
00:39:40,       2,     175,      25
00:39:57,       2,     171,      25
00:40:12,       2,     166,      24
00:40:26,       2,     166,      24
00:40:41,       2,     166,      24
00:40:56,       2,     170,      24
00:41:13,       2,     166,      24
00:41:29,       2,     165,      22
00:41:43,       2,     163,      21
00:41:58,       2,     164,      21
00:42:13,       2,     166,      22
00:42:31,       2,     168,      22
00:42:50,       2,     168,      22
00:43:09,       2,     166,      21
00:43:25,       2,     160,      21
00:43:40,       2,     172,      22
00:43:55,       2,     172,      23
00:44:10,       2,     163,      23
00:44:26,       2,     168,      22
00:44:41,       2,     166,      21
00:44:56,       2,     164,      20
00:45:13,       3,     164,      20
00:45:28,       3,     165,      20
00:45:43,       3,     169,      21
00:45:58,       3,     169,      21
00:46:12,       3,     165,      21
00:46:26,       3,     167,      20
00:46:40,       3,     172,      21
00:46:54,       3,     166,      21
00:47:09,       3,     164,      21
00:47:23,       3,     165,      20
00:47:39,       3,     169,      20
00:47:53,       3,     167,      20
00:48:11,       3,     169,      20
00:48:30,       3,     165,      20
00:48:47,       3,     165,      19
00:49:03,       3,     168,      19
00:49:17,       3,     161,      19
00:49:32,       3,     161,      21
00:49:49,       3,     163,      23
00:50:07,       3,     165,      23
00:50:26,       3,     166,      23
00:50:45,       3,     163,      23
00:51:07,       3,     162,      23
00:51:26,       3,     166,      23
00:51:44,       3,     167,      23
00:52:01,       3,     169,      23
00:52:17,       3,     169,      23
00:52:33,       3,     166,      22
00:52:47,       3,     168,      23
00:53:03,       3,     172,      23
00:53:17,       3,     169,      23
00:53:32,       3,     168,      24
00:53:48,       3,     171,      24
00:54:02,       3,     171,      24
00:54:17,       3,     170,      24
00:54:33,       3,     170,      24
00:54:48,       3,     171,      24
00:55:02,       3,     175,      24
00:55:16,       3,     184,      24
00:55:30,       3,     171,      23
00:55:44,       3,     164,      20
00:55:59,       3,     164,      19
00:56:17,       3,     166,      19
00:56:35,       3,     167,      20
00:56:52,       3,     163,      20
00:57:09,       3,     163,      20
00:57:24,       3,     168,      20
00:57:41,       3,     168,      20
00:57:58,       3,     164,      21
00:58:13,       3,     164,      20
00:58:28,       3,     169,      20
00:58:44,       3,     165,      20
00:59:03,       3,     165,      21
00:59:18,       3,     161,      21
00:59:34,       3,     158,      21
00:59:51,       3,     157,      21
01:00:06,       4,     159,      21
01:00:23,       4,     159,      21
01:00:38,       4,     162,      21
01:00:53,       4,     164,      21
01:01:07,       4,     162,      22
01:01:23,       4,     162,      23
01:01:38,       4,     168,      23
01:01:53,       4,     167,      23
01:02:08,       4,     169,      23
01:02:26,       4,     163,      23
01:02:43,       4,     165,      23
01:03:00,       4,     167,      23
01:03:17,       4,     163,      22
01:03:33,       4,     162,      22
01:03:50,       4,     162,      21
01:04:05,       4,     163,      21
01:04:21,       4,     164,      21
01:04:37,       4,     166,      21
01:04:52,       4,     172,      20
01:05:08,       4,     166,      20
01:05:23,       4,     167,      21
01:05:37,       4,     163,      21
01:05:51,       4,     164,      20
01:06:07,       4,     165,      21
01:06:23,       4,     166,      21
01:06:38,       4,     172,      20
01:06:53,       4,     170,      21
01:07:08,       4,     166,      20
01:07:22,       4,     166,      20
01:07:38,       4,     162,      20
01:07:55,       4,     162,      20
01:08:12,       4,     168,      19
01:08:29,       4,     162,      20
01:08:49,       4,     164,      20
01:09:07,       4,     165,      20
01:09:27,       4,     163,      20
01:09:48,       4,     159,      20
01:10:07,       4,     161,      20
01:10:23,       4,     165,      20
01:10:39,       4,     161,      20
01:10:55,       4,     160,      19
01:11:12,       4,     162,      17
01:11:26,       4,     160,      16
01:11:40,       4,     156,      17
01:11:54,       4,     160,      18
01:12:08,       4,     161,      19
01:12:25,       4,     161,      18
01:12:42,       4,     157,      18
01:12:57,       4,     156,      18
01:13:15,       4,     159,      19
01:13:30,       4,     163,      22
01:13:46,       4,     166,      25
01:14:02,       4,     169,      26
01:14:18,       4,     175,      25
01:14:34,       4,     172,      25
01:14:49,       4,     169,      25
01:15:04,       5,     167,      25
01:15:19,       5,     166,      25
01:15:33,       5,     167,      25
01:15:48,       5,     175,      25
01:16:01,       5,     176,      25
01:16:17,       5,     167,      25
01:16:33,       5,     164,      25
01:16:47,       5,     164,      25
01:17:01,       5,     163,      24
01:17:16,       5,     162,      24
01:17:32,       5,     168,      24
01:17:47,       5,     172,      25
01:18:00,       5,     167,      25
01:18:16,       5,     164,      25
01:18:30,       5,     166,      25
01:18:44,       5,     164,      24
01:18:58,       5,     163,      24
01:19:13,       5,     166,      24
01:19:26,       5,     170,      24
01:19:40,       5,     161,      21
01:19:55,       5,     157,      20
01:20:11,       5,     159,      20
01:20:26,       5,     163,      20
01:20:44,       5,     163,      20
01:21:04,       5,     161,      20
01:21:19,       5,     160,      20
01:21:33,       5,     164,      20
01:21:48,       5,     168,      20
01:22:03,       5,     164,      21
01:22:17,       5,     162,      21
01:22:32,       5,     163,      20
01:22:48,       5,     163,      20
01:23:04,       5,     161,      20
01:23:20,       5,     160,      19
01:23:34,       5,     159,      19
01:23:48,       5,     159,      19
01:24:03,       5,     165,      19
01:24:19,       5,     158,      19
01:24:34,       5,     160,      19
01:24:50,       5,     161,      19
01:25:06,       5,     163,      19
01:25:23,       5,     163,      19
01:25:39,       5,     164,      19
01:25:55,       5,     164,      19
01:26:10,       5,     165,      19
01:26:26,       5,     156,      18
01:26:43,       5,     155,      18
01:26:58,       5,     155,      18
01:27:14,       5,     166,      19
01:27:28,       5,     161,      19
01:27:45,       5,     156,      18
01:28:04,       5,     155,      18
01:28:20,       5,     155,      18
01:28:37,       5,     155,      18
01:28:55,       5,     157,      18
01:29:13,       5,     160,      18
01:29:34,       5,     162,      17
01:29:51,       5,     158,      17
01:30:11,       6,     157,      18
01:30:30,       6,     163,      18
01:30:49,       6,     155,      18
01:31:06,       6,     158,      18
01:31:26,       6,     158,      18
01:31:43,       6,     158,      18
01:32:01,       6,     158,      18
01:32:19,       6,     157,      18
01:32:37,       6,     156,      17
01:32:53,       6,     158,      17
01:33:09,       6,     165,      17
01:33:25,       6,     163,      18
01:33:41,       6,     167,      18
01:33:57,       6,     163,      18
01:34:12,       6,     164,      18
01:34:29,       6,     165,      18
01:34:44,       6,     161,      18
01:35:02,       6,     157,      18
01:35:18,       6,     157,      18
01:35:33,       6,     156,      18
01:35:47,       6,     157,      18
01:36:02,       6,     157,      18
01:36:17,       6,     157,      18
01:36:31,       6,     159,      17
01:36:46,       6,     164,      16
01:37:00,       6,     162,      16
01:37:15,       6,     155,      15
01:37:29,       6,     156,      17
01:37:44,       6,     157,      20
01:37:58,       6,     160,      20
01:38:13,       6,     165,      21
01:38:30,       6,     164,      20
01:38:44,       6,     168,      20
01:39:00,       6,     164,      20
01:39:15,       6,     162,      21
01:39:30,       6,     163,      21
01:39:44,       6,     164,      21
01:39:57,       6,     170,      21
01:40:13,       6,     170,      22
01:40:27,       6,     163,      22
01:40:42,       6,     163,      21
01:40:56,       6,     159,      21
01:41:11,       6,     159,      21
01:41:25,       6,     160,      22
01:41:38,       6,     163,      21
01:41:52,       6,     161,      21
01:42:07,       6,     157,      21
01:42:23,       6,     158,      22
01:42:37,       6,     160,      22
01:42:52,       6,     162,      22
01:43:08,       6,     168,      22
01:43:22,       6,     171,      22
01:43:39,       6,     159,      20
01:43:55,       6,     158,      18
01:44:10,       6,     158,      18
01:44:26,       6,     162,      18
01:44:44,       6,     155,      18
01:45:00,       7,     155,      18
01:45:16,       7,     158,      18
01:45:32,       7,     158,      18
01:45:49,       7,     158,      19
01:46:05,       7,     157,      19
01:46:23,       7,     156,      18
01:46:40,       7,     166,      19
01:46:58,       7,     159,      19
01:47:16,       7,     158,      19
01:47:31,       7,     156,      19
01:47:45,       7,     160,      18
01:48:01,       7,     162,      18
01:48:16,       7,     158,      18
01:48:30,       7,     156,      18
01:48:44,       7,     160,      18
01:49:00,       7,     162,      18
01:49:14,       7,     159,      18
01:49:29,       7,     156,      17
01:49:44,       7,     157,      17
01:49:58,       7,     161,      17
01:50:12,       7,     160,      17
01:50:29,       7,     157,      18
01:50:47,       7,     155,      18
01:51:04,       7,     158,      17
01:51:18,       7,     160,      17
01:51:36,       7,     158,      17
01:51:54,       7,     158,      17
01:52:09,       7,     155,      17
01:52:30,       7,     159,      17
01:52:48,       7,     152,      17
01:53:02,       7,     157,      17
01:53:18,       7,     158,      18
01:53:33,       7,     155,      18
01:53:47,       7,     160,      18
01:54:01,       7,     159,      18
01:54:14,       7,     155,      17
01:54:28,       7,     155,      17
01:54:43,       7,     155,      17
01:54:56,       7,     155,      18
01:55:11,       7,     156,      18
01:55:25,       7,     163,      18
01:55:40,       7,     165,      17
01:55:54,       7,     158,      17
01:56:09,       7,     158,      16
01:56:23,       7,     160,      16
01:56:37,       7,     156,      16
01:56:51,       7,     156,      16
01:57:06,       7,     157,      16
01:57:20,       7,     156,      16
01:57:35,       7,     154,      15
01:57:49,       7,     151,      15
01:58:04,       7,     151,      15
01:58:20,       7,     152,      14
01:58:38,       7,     151,      14
01:58:56,       7,     153,      15
01:59:16,       7,     155,      14
01:59:36,       7,     164,      14
01:59:54,       7,     158,      14
02:00:11,       8,     151,      15
02:00:29,       8,     152,      16
02:00:47,       8,     157,      16
02:01:03,       8,     154,      16
02:01:20,       8,     157,      16
02:01:37,       8,     159,      16
02:01:56,       8,     159,      20
02:02:14,       8,     158,      19
02:02:32,       8,     159,      18
02:02:51,       8,     161,      18
02:03:07,       8,     168,      17
02:03:24,       8,     156,      18
02:03:37,       8,     160,      18
02:03:52,       8,     161,      19
02:04:08,       8,     161,      19
02:04:22,       8,     157,      19
02:04:36,       8,     155,      19
02:04:52,       8,     155,      19
02:05:07,       8,     158,      20
02:05:23,       8,     158,      20
02:05:37,       8,     159,      20
02:05:52,       8,     162,      20
02:06:06,       8,     168,      20
02:06:20,       8,     168,      19
02:06:34,       8,     166,      19
02:06:49,       8,     174,      20
02:07:03,       8,     168,      20
02:07:19,       8,     165,      20
02:07:33,       8,     168,      20
02:07:47,       8,     163,      19
02:08:01,       8,     162,      17
02:08:16,       8,     163,      18
02:08:29,       8,     164,      20
02:08:44,       8,     164,      19
02:08:58,       8,     162,      19
02:09:12,       8,     159,      17
02:09:27,       8,     163,      17
02:09:46,       8,     159,      17
02:10:02,       8,     154,      16
02:10:18,       8,     156,      15
02:10:33,       8,     165,      15
02:10:47,       8,     164,      15
02:11:02,       8,     162,      15
02:11:18,       8,     162,      15
02:11:32,       8,     159,      15
02:11:47,       8,     158,      15
02:12:05,       8,     160,      15
02:12:24,       8,     162,      16
02:12:39,       8,     164,      17
02:12:55,       8,     163,      17
02:13:10,       8,     158,      17
02:13:26,       8,     155,      17
02:13:41,       8,     157,      17
02:13:58,       8,     159,      18
02:14:12,       8,     164,      18
02:14:27,       8,     168,      17
02:14:42,       8,     165,      17
02:14:57,       8,     161,      18
02:15:14,       9,     163,      17
02:15:28,       9,     158,      17
02:15:42,       9,     157,      17
02:15:57,       9,     161,      18
02:16:12,       9,     161,      18
02:16:26,       9,     161,      18
02:16:41,       9,     161,      18
02:16:56,       9,     160,      17
02:17:11,       9,     161,      17
02:17:25,       9,     159,      17
02:17:39,       9,     156,      18
02:17:54,       9,     159,      17
02:18:10,       9,     167,      17
02:18:24,       9,     163,      16
02:18:38,       9,     157,      17
02:18:52,       9,     157,      17
02:19:06,       9,     160,      18
02:19:23,       9,     166,      18
02:19:39,       9,     161,      17
02:19:55,       9,     156,      16
02:20:16,       9,     154,      16
02:20:35,       9,     159,      16
02:20:54,       9,     160,      17
02:21:15,       9,     156,      17
02:21:33,       9,     159,      17
02:21:50,       9,     158,      17
02:22:04,       9,     164,      17
02:22:22,       9,     161,      18
02:22:36,       9,     167,      19
02:22:51,       9,     158,      19
02:23:07,       9,     155,      18
02:23:20,       9,     153,      18
02:23:35,       9,     152,      19
02:23:52,       9,     156,      19
02:24:06,       9,     160,      19
02:24:20,       9,     157,      19
02:24:35,       9,     154,      18
02:24:49,       9,     159,      18
02:25:03,       9,     160,      17
02:25:17,       9,     154,      17
02:25:32,       9,     154,      17
02:25:47,       9,     165,      17
02:26:01,       9,     166,      21
02:26:16,       9,     158,      20
02:26:30,       9,     159,      20
02:26:44,       9,     160,      20
02:26:58,       9,     160,      21
02:27:13,       9,     161,      21
02:27:29,       9,     161,      22
02:27:42,       9,     162,      22
02:27:57,       9,     163,      21
02:28:12,       9,     169,      20
02:28:25,       9,     167,      19
02:28:39,       9,     167,      20
02:28:53,       9,     171,      20
02:29:08,       9,     172,      21
02:29:22,       9,     165,      20
02:29:36,       9,     164,      19
02:29:51,       9,     167,      20
02:30:05,      10,     162,      19
02:30:20,      10,     159,      20
02:30:35,      10,     159,      20
02:30:52,      10,     160,      20
02:31:10,      10,     160,      20
02:31:26,      10,     159,      20
02:31:45,      10,     165,      20
02:32:02,      10,     160,      19
02:32:16,      10,     162,      16
02:32:30,      10,     156,      16
02:32:44,      10,     151,      15
02:32:58,      10,     152,      14
02:33:13,      10,     157,      15
02:33:26,      10,     160,      15
02:33:40,      10,     155,      15
02:33:55,      10,     155,      15
02:34:11,      10,     151,      15
02:34:25,      10,     151,      15
02:34:42,      10,     151,      15
02:34:59,      10,     153,      15
02:35:16,      10,     157,      16
02:35:31,      10,     163,      16
02:35:46,      10,     154,      15
02:36:05,      10,     152,      15
02:36:22,      10,     151,      16
02:36:37,      10,     153,      16
02:36:53,      10,     154,      16
02:37:10,      10,     159,      16
02:37:25,      10,     163,      16
02:37:39,      10,     162,      16
02:37:53,      10,     158,      16
02:38:08,      10,     157,      16
02:38:23,      10,     157,      17
02:38:38,      10,     161,      16
02:38:53,      10,     165,      16
02:39:08,      10,     161,      17
02:39:22,      10,     159,      17
02:39:36,      10,     158,      17
02:39:50,      10,     160,      18
02:40:05,      10,     160,      17
02:40:19,      10,     157,      17
02:40:36,      10,     155,      17
02:40:51,      10,     161,      16
02:41:09,      10,     160,      17
02:41:28,      10,     157,      17
02:41:46,      10,     160,      17
02:42:03,      10,     166,      17
02:42:25,      10,     163,      17
02:42:47,      10,     154,      17
02:43:06,      10,     153,      17
02:43:21,      10,     153,      17
02:43:36,      10,     155,      17
02:43:51,      10,     154,      17
02:44:05,      10,     155,      17
02:44:21,      10,     158,      18
02:44:37,      10,     162,      19
02:44:53,      10,     162,      20
02:45:10,      11,     165,      19
02:45:24,      11,     163,      19
02:45:39,      11,     164,      19
02:45:55,      11,     163,      20
02:46:10,      11,     163,      20
02:46:25,      11,     160,      20
02:46:41,      11,     164,      20
02:46:59,      11,     162,      20
02:47:15,      11,     158,      20
02:47:33,      11,     158,      20
02:47:53,      11,     162,      21
02:48:12,      11,     164,      21
02:48:29,      11,     172,      21
02:48:48,      11,     163,      21
02:49:06,      11,     166,      22
02:49:27,      11,     163,      21
02:49:45,      11,     160,      20
02:50:05,      11,     162,      20
02:50:23,      11,     166,      22
02:50:43,      11,     164,      24
02:51:01,      11,     166,      23
02:51:21,      11,     168,      22
02:51:42,      11,     171,      22
02:52:00,      11,     161,      22
02:52:18,      11,     168,      22
02:52:38,      11,     162,      22
02:52:59,      11,     158,      22
02:53:19,      11,     158,      22
02:53:36,      11,     165,      23
02:53:50,      11,     166,      23
02:54:04,      11,     165,      23
02:54:20,      11,     166,      22
02:54:34,      11,     164,      22
02:54:50,      11,     165,      22
02:55:04,      11,     168,      22
02:55:18,      11,     159,      21
02:55:32,      11,     160,      21
02:55:48,      11,     168,      21
02:56:04,      11,     167,      20
02:56:22,      11,     159,      20
02:56:40,      11,     159,      20
02:56:56,      11,     158,      19
02:57:18,      11,     155,      16
02:57:40,      11,     157,      15
02:58:00,      11,     161,      15
02:58:15,      11,     163,      16
02:58:33,      11,     162,      17
02:58:52,      11,     164,      17
02:59:11,      11,     160,      17
02:59:32,      11,     156,      17
02:59:47,      11,     159,      17
03:00:02,      12,     157,      18
03:00:19,      12,     159,      18
03:00:33,      12,     158,      17
03:00:48,      12,     154,      16
03:01:04,      12,     152,      16
03:01:20,      12,     160,      17
03:01:34,      12,     158,      18
03:01:49,      12,     157,      18
03:02:04,      12,     160,      18
03:02:19,      12,     162,      17
03:02:34,      12,     154,      16
03:02:48,      12,     153,      15
03:03:02,      12,     154,      15
03:03:18,      12,     155,      15
03:03:33,      12,     154,      16
03:03:47,      12,     153,      16
03:04:01,      12,     152,      15
03:04:17,      12,     153,      14
03:04:32,      12,     159,      14
03:04:47,      12,     160,      14
03:05:00,      12,     155,      15
03:05:14,      12,     152,      15
03:05:28,      12,     155,      16
03:05:43,      12,     163,      15
03:05:59,      12,     156,      15
03:06:18,      12,     157,      16
03:06:34,      12,     158,      16
03:06:48,      12,     154,      16
03:07:02,      12,     159,      16
03:07:18,      12,     161,      17
03:07:32,      12,     158,      17
03:07:46,      12,     163,      17
03:08:00,      12,     159,      17
03:08:15,      12,     157,      18
03:08:29,      12,     157,      18
03:08:43,      12,     158,      18
03:08:57,      12,     159,      17
03:09:13,      12,     165,      17
03:09:27,      12,     168,      18
03:09:41,      12,     157,      17
03:09:55,      12,     158,      18
03:10:10,      12,     158,      17
03:10:25,      12,     155,      16
03:10:40,      12,     156,      16
03:10:55,      12,     163,      16
03:11:13,      12,     163,      16
03:11:31,      12,     158,      17
03:11:45,      12,     158,      17
03:12:00,      12,     154,      16
03:12:22,      12,     154,      15
03:12:40,      12,     150,      15
03:12:58,      12,     156,      16
03:13:18,      12,     152,      16
03:13:34,      12,     154,      17
03:13:50,      12,     160,      17
03:14:07,      12,     161,      17
03:14:23,      12,     161,      17
03:14:40,      12,     161,      17
03:14:54,      12,     166,      18
03:15:09,      13,     159,      18
03:15:23,      13,     158,      18
03:15:37,      13,     158,      18
03:15:51,      13,     157,      18
03:16:09,      13,     155,      19
03:16:25,      13,     161,      18
03:16:42,      13,     162,      18
03:16:57,      13,     158,      16
03:17:13,      13,     157,      16
03:17:28,      13,     163,      17
03:17:42,      13,     161,      18
03:17:56,      13,     161,      21
03:18:12,      13,     162,      21
03:18:25,      13,     167,      20
03:18:39,      13,     167,      20
03:18:53,      13,     164,      20
03:19:08,      13,     166,      20
03:19:24,      13,     166,      20
03:19:37,      13,     161,      20
03:19:51,      13,     165,      20
03:20:05,      13,     170,      20
03:20:20,      13,     163,      20
03:20:34,      13,     163,      20
03:20:48,      13,     164,      20
03:21:05,      13,     159,      20
03:21:20,      13,     160,      21
03:21:34,      13,     160,      20
03:21:51,      13,     162,      21
03:22:08,      13,     163,      21
03:22:27,      13,     162,      21
03:22:43,      13,     159,      21
03:22:58,      13,     160,      21
03:23:17,      13,     160,      21
03:23:32,      13,     164,      21
03:23:51,      13,     167,      20
03:24:08,      13,     167,      17
03:24:25,      13,     159,      17
03:24:43,      13,     156,      17
03:24:58,      13,     156,      17
03:25:14,      13,     157,      17
03:25:28,      13,     158,      16
03:25:43,      13,     158,      16
03:25:57,      13,     162,      16
03:26:13,      13,     160,      16
03:26:29,      13,     157,      16
03:26:47,      13,     158,      15
03:27:03,      13,     159,      15
03:27:18,      13,     163,      15
03:27:31,      13,     161,      16
03:27:46,      13,     162,      16
03:28:00,      13,     156,      16
03:28:20,      13,     160,      18
03:28:38,      13,     159,      18
03:28:58,      13,     157,      18
03:29:18,      13,     157,      19
03:29:37,      13,     156,      19
03:29:53,      13,     161,      18
03:30:08,      14,     161,      18
03:30:24,      14,     167,      19
03:30:41,      14,     160,      19
03:30:57,      14,     158,      18
03:31:14,      14,     158,      18
03:31:34,      14,     161,      18
03:31:51,      14,     164,      18
03:32:05,      14,     163,      18
03:32:20,      14,     160,      18
03:32:34,      14,     161,      18
03:32:48,      14,     157,      17
03:33:05,      14,     154,      16
03:33:18,      14,     157,      16
03:33:32,      14,     168,      16
03:33:46,      14,     162,      17
03:34:00,      14,     154,      17
03:34:16,      14,     154,      16
03:34:30,      14,     153,      16
03:34:44,      14,     155,      16
03:34:59,      14,     155,      16
03:35:17,      14,     154,      16
03:35:33,      14,     156,      16
03:35:53,      14,     152,      15
03:36:10,      14,     153,      15
03:36:24,      14,     159,      15
03:36:38,      14,     163,      15
03:36:53,      14,     166,      15
03:37:07,      14,     158,      16
03:37:21,      14,     158,      15
03:37:35,      14,     153,      15
03:37:50,      14,     153,      16
03:38:04,      14,     155,      16
03:38:18,      14,     156,      16
03:38:32,      14,     155,      16
03:38:46,      14,     155,      16
03:39:01,      14,     155,      16
03:39:18,      14,     160,      16
03:39:34,      14,     155,      16
03:39:54,      14,     152,      16
03:40:08,      14,     161,      16
03:40:24,      14,     159,      16
03:40:38,      14,     156,      16
03:40:51,      14,     163,      16
03:41:05,      14,     166,      16
03:41:21,      14,     156,      17
03:41:37,      14,     153,      17
03:41:52,      14,     153,      17
03:42:07,      14,     154,      16
03:42:22,      14,     153,      16
03:42:36,      14,     156,      18
03:42:50,      14,     162,      21
03:43:04,      14,     159,      21
03:43:18,      14,     164,      21
03:43:33,      14,     163,      21
03:43:50,      14,     163,      21
03:44:07,      14,     163,      21
03:44:25,      14,     160,      21
03:44:43,      14,     162,      20
03:45:00,      15,     166,      21
03:45:17,      15,     165,      20
03:45:34,      15,     163,      19
03:45:52,      15,     162,      20
03:46:10,      15,     163,      21
03:46:26,      15,     168,      20
03:46:41,      15,     166,      20
03:46:58,      15,     159,      19
03:47:14,      15,     162,      19
03:47:30,      15,     166,      19
03:47:46,      15,     166,      19
03:48:02,      15,     166,      20
03:48:17,      15,     166,      20
03:48:32,      15,     164,      18
03:48:48,      15,     166,      15
03:49:03,      15,     161,      16
03:49:18,      15,     162,      16
03:49:32,      15,     160,      16
03:49:49,      15,     168,      17
03:50:03,      15,     164,      16
03:50:18,      15,     157,      17
03:50:32,      15,     157,      17
03:50:46,      15,     159,      17
03:51:02,      15,     158,      18
03:51:17,      15,     163,      17
03:51:31,      15,     161,      17
03:51:45,      15,     158,      17
03:52:00,      15,     158,      17
03:52:15,      15,     160,      18
03:52:30,      15,     164,      17
03:52:44,      15,     160,      17
03:53:01,      15,     160,      16
03:53:17,      15,     155,      17
03:53:31,      15,     160,      16
03:53:47,      15,     158,      17
03:54:02,      15,     154,      17
03:54:18,      15,     156,      17
03:54:34,      15,     157,      16
03:54:52,      15,     156,      16
03:55:07,      15,     156,      16
03:55:22,      15,     156,      17
03:55:37,      15,     157,      17
03:55:52,      15,     158,      17
03:56:08,      15,     163,      16
03:56:23,      15,     160,      16
03:56:38,      15,     154,      16
03:56:54,      15,     153,      16
03:57:09,      15,     159,      15
03:57:23,      15,     156,      15
03:57:37,      15,     158,      15
03:57:52,      15,     157,      16
03:58:07,      15,     157,      16
03:58:22,      15,     155,      16
03:58:37,      15,     158,      16
03:58:51,      15,     157,      16
03:59:11,      15,     157,      16
03:59:28,      15,     159,      16
03:59:44,      15,     157,      16
04:00:02,      16,     160,      16
04:00:18,      16,     157,      17
04:00:37,      16,     157,      16
04:00:54,      16,     154,      16
04:01:12,      16,     151,      16
04:01:30,      16,     152,      16
04:01:49,      16,     153,      16
04:02:10,      16,     159,      16
04:02:28,      16,     154,      16
04:02:49,      16,     160,      16
04:03:09,      16,     152,      16
04:03:29,      16,     154,      16
04:03:48,      16,     160,      16
04:04:06,      16,     156,      16
04:04:24,      16,     155,      16
04:04:41,      16,     153,      15
04:04:56,      16,     153,      16
04:05:14,      16,     154,      16
04:05:28,      16,     157,      15
04:05:42,      16,     156,      15
04:05:58,      16,     160,      15
04:06:12,      16,     159,      15
04:06:28,      16,     156,      15
04:06:44,      16,     155,      15
04:07:02,      16,     151,      15
04:07:19,      16,     156,      19
04:07:35,      16,     161,      19
04:07:52,      16,     162,      20
04:08:07,      16,     164,      21
04:08:22,      16,     162,      20
04:08:37,      16,     162,      20
04:08:51,      16,     165,      21
04:09:06,      16,     165,      21
04:09:21,      16,     170,      22
04:09:35,      16,     162,      22
04:09:49,      16,     163,      22
04:10:05,      16,     164,      22
04:10:21,      16,     166,      22
04:10:35,      16,     164,      22
04:10:50,      16,     162,      22
04:11:04,      16,     167,      22
04:11:18,      16,     171,      22
04:11:32,      16,     162,      22
04:11:47,      16,     160,      21
04:12:04,      16,     162,      21
04:12:20,      16,     165,      22
04:12:36,      16,     172,      23
04:12:55,      16,     165,      23
04:13:12,      16,     156,      19
04:13:26,      16,     156,      18
04:13:42,      16,     155,      17
04:14:00,      16,     156,      18
04:14:18,      16,     157,      18
04:14:36,      16,     162,      17
04:14:53,      16,     161,      17
04:15:11,      17,     158,      17
04:15:25,      17,     156,      17
04:15:41,      17,     160,      18
04:15:55,      17,     159,      17
04:16:12,      17,     153,      17
04:16:26,      17,     153,      16
04:16:40,      17,     154,      16
04:16:54,      17,     154,      16
04:17:09,      17,     157,      16
04:17:23,      17,     157,      16
04:17:37,      17,     157,      16
04:17:52,      17,     158,      15
04:18:06,      17,     160,      15
04:18:20,      17,     163,      15
04:18:38,      17,     163,      15
04:18:57,      17,     174,      15
04:19:12,      17,     165,      16
04:19:30,      17,     159,      15
04:19:48,      17,     157,      16
04:20:06,      17,     156,      16
04:20:24,      17,     155,      16
04:20:40,      17,     154,      16
04:20:56,      17,     154,      15
04:21:12,      17,     155,      15
04:21:29,      17,     158,      14
04:21:43,      17,     159,      14
04:21:58,      17,     161,      14
04:22:13,      17,     162,      15
04:22:26,      17,     164,      14
04:22:42,      17,     161,      15
04:22:56,      17,     161,      15
04:23:10,      17,     162,      16
04:23:24,      17,     156,      16
04:23:39,      17,     159,      16
04:23:55,      17,     159,      16
04:24:09,      17,     158,      16
04:24:24,      17,     153,      15
04:24:38,      17,     152,      14
04:24:54,      17,     152,      15
04:25:08,      17,     152,      15
04:25:22,      17,     156,      15
04:25:38,      17,     161,      15
04:25:56,      17,     164,      15
04:26:18,      17,     163,      16
04:26:34,      17,     156,      16
04:26:51,      17,     156,      16
04:27:07,      17,     159,      16
04:27:23,      17,     160,      16
04:27:39,      17,     157,      16
04:27:54,      17,     157,      17
04:28:10,      17,     159,      17
04:28:25,      17,     157,      17
04:28:42,      17,     159,      17
04:28:57,      17,     161,      17
04:29:12,      17,     162,      17
04:29:27,      17,     159,      17
04:29:42,      17,     154,      17
04:29:58,      17,     158,      17
04:30:12,      18,     159,      17
04:30:29,      18,     156,      17
04:30:49,      18,     157,      17
04:31:06,      18,     156,      16
04:31:23,      18,     159,      18
04:31:40,      18,     161,      21
04:31:55,      18,     162,      21
04:32:10,      18,     166,      21
04:32:25,      18,     159,      21
04:32:39,      18,     165,      21
04:32:55,      18,     168,      21
04:33:10,      18,     160,      21
04:33:25,      18,     160,      22
04:33:40,      18,     164,      22
04:33:57,      18,     162,      22
04:34:12,      18,     159,      22
04:34:27,      18,     160,      22
04:34:42,      18,     160,      21
04:34:56,      18,     162,      22
04:35:12,      18,     167,      23
04:35:26,      18,     172,      22
04:35:40,      18,     165,      21
04:35:54,      18,     163,      22
04:36:09,      18,     163,      21
04:36:24,      18,     167,      21
04:36:38,      18,     160,      21
04:36:53,      18,     159,      20
04:37:09,      18,     157,      20
04:37:23,      18,     157,      20
04:37:37,      18,     161,      20
04:37:52,      18,     155,      17
04:38:06,      18,     155,      16
04:38:20,      18,     155,      16
04:38:34,      18,     159,      16
04:38:48,      18,     159,      16
04:39:04,      18,     157,      17
04:39:18,      18,     157,      17
04:39:33,      18,     160,      18
04:39:48,      18,     167,      18
04:40:05,      18,     164,      18
04:40:24,      18,     156,      18
04:40:42,      18,     154,      18
04:41:00,      18,     154,      17
04:41:18,      18,     157,      17
04:41:34,      18,     158,      17
04:41:51,      18,     157,      17
04:42:05,      18,     157,      17
04:42:19,      18,     153,      17
04:42:34,      18,     153,      17
04:42:48,      18,     154,      17
04:43:05,      18,     155,      17
04:43:20,      18,     157,      16
04:43:34,      18,     153,      16
04:43:49,      18,     159,      16
04:44:03,      18,     163,      16
04:44:17,      18,     158,      16
04:44:32,      18,     153,      15
04:44:46,      18,     150,      15
04:45:00,      19,     153,      15
04:45:16,      19,     163,      15
04:45:32,      19,     154,      15
04:45:47,      19,     152,      15
04:46:07,      19,     152,      16
04:46:26,      19,     152,      15
04:46:44,      19,     156,      16
04:47:02,      19,     154,      16
04:47:20,      19,     154,      16
04:47:37,      19,     158,      15
04:47:51,      19,     155,      15
04:48:07,      19,     154,      14
04:48:22,      19,     159,      14
04:48:37,      19,     160,      14
04:48:52,      19,     156,      14
04:49:06,      19,     156,      15
04:49:21,      19,     155,      14
04:49:35,      19,     152,      15
04:49:49,      19,     155,      15
04:50:03,      19,     158,      16
04:50:18,      19,     154,      16
04:50:32,      19,     153,      16
04:50:47,      19,     153,      16
04:51:01,      19,     153,      16
04:51:16,      19,     156,      16
04:51:32,      19,     160,      16
04:51:47,      19,     161,      16
04:52:03,      19,     156,      16
04:52:19,      19,     159,      17
04:52:34,      19,     160,      17
04:52:48,      19,     157,      17
04:53:04,      19,     162,      18
04:53:20,      19,     162,      18
04:53:39,      19,     160,      19
04:53:57,      19,     159,      19
04:54:12,      19,     159,      18
04:54:28,      19,     157,      18
04:54:43,      19,     159,      18
04:54:58,      19,     163,      19
04:55:13,      19,     161,      18
04:55:28,      19,     159,      18
04:55:44,      19,     156,      18
04:55:58,      19,     156,      18
04:56:13,      19,     156,      17
04:56:28,      19,     155,      17
04:56:42,      19,     163,      18
04:56:57,      19,     164,      18
04:57:13,      19,     154,      18
04:57:27,      19,     154,      18
04:57:41,      19,     156,      17
04:57:56,      19,     155,      17
04:58:11,      19,     159,      17
04:58:26,      19,     154,      17
04:58:40,      19,     153,      17
04:58:55,      19,     155,      19
04:59:12,      19,     160,      20
04:59:29,      19,     159,      21
04:59:43,      19,     157,      22
04:59:58,      19,     157,      22
05:00:13,      20,     159,      21
05:00:27,      20,     164,      21
05:00:41,      20,     164,      20
05:00:57,      20,     159,      20
05:01:14,      20,     154,      20
05:01:31,      20,     154,      20
05:01:47,      20,     149,      20
05:02:05,      20,     153,      20
05:02:25,      20,     152,      20
05:02:49,      20,     151,      19
05:03:07,      20,     154,      19
05:03:24,      20,     149,      19
05:03:39,      20,     151,      18
05:03:53,      20,     154,      18
05:04:08,      20,     153,      18
05:04:22,      20,     156,      19
05:04:36,      20,     158,      19
05:04:51,      20,     156,      19
05:05:06,      20,     153,      18
05:05:21,      20,     151,      17
05:05:36,      20,     148,      15
05:05:50,      20,     144,      14
05:06:05,      20,     143,      14
05:06:19,      20,     145,      14
05:06:35,      20,     153,      15
05:06:52,      20,     148,      15
05:07:12,      20,     148,      17
05:07:31,      20,     147,      17
05:07:53,      20,     153,      17
05:08:11,      20,     149,      17
05:08:29,      20,     148,      17
05:08:44,      20,     145,      16
05:09:04,      20,     147,      16
05:09:20,      20,     146,      16
05:09:34,      20,     143,      16
05:09:49,      20,     144,      16
05:10:03,      20,     146,      16
05:10:17,      20,     149,      17
05:10:31,      20,     150,      17
05:10:46,      20,     145,      17
05:11:02,      20,     156,      18
05:11:19,      20,     152,      18
05:11:34,      20,     150,      17
05:11:51,      20,     151,      17
05:12:05,      20,     147,      17
05:12:21,      20,     147,      17
05:12:35,      20,     149,      17
05:12:51,      20,     148,      17
05:13:06,      20,     147,      16
05:13:21,      20,     149,      16
05:13:36,      20,     154,      17
05:13:50,      20,     156,      17
05:14:07,      20,     155,      17
05:14:27,      20,     157,      16
05:14:45,      20,     150,      15
05:15:05,      21,     150,      15
05:15:20,      21,     151,      15
05:15:35,      21,     156,      14
05:15:50,      21,     148,      14
05:16:05,      21,     143,      13
05:16:20,      21,     143,      13
05:16:39,      21,     144,      13
05:16:53,      21,     143,      13
05:17:08,      21,     150,      14
05:17:29,      21,     153,      14
05:17:48,      21,     151,      14
05:18:07,      21,     146,      14
05:18:25,      21,     149,      15
05:18:43,      21,     150,      15
05:19:00,      21,     148,      15
05:19:19,      21,     152,      15
05:19:34,      21,     145,      15
05:19:48,      21,     144,      15
05:20:04,      21,     147,      15
05:20:18,      21,     145,      16
05:20:32,      21,     147,      16
05:20:48,      21,     157,      16
05:21:04,      21,     145,      16
05:21:20,      21,     147,      17
05:21:35,      21,     148,      17
05:21:50,      21,     152,      17
05:22:05,      21,     151,      18
05:22:21,      21,     152,      18
05:22:38,      21,     151,      17
05:22:55,      21,     152,      17
05:23:12,      21,     153,      17
05:23:29,      21,     153,      17
05:23:44,      21,     154,      18
05:24:01,      21,     163,      18
05:24:19,      21,     154,      17
05:24:35,      21,     156,      17
05:24:54,      21,     153,      18
05:25:12,      21,     153,      18
05:25:29,      21,     152,      17
05:25:46,      21,     151,      17
05:26:08,      21,     152,      16
05:26:27,      21,     149,      17
05:26:45,      21,     158,      19
05:27:01,      21,     156,      20
05:27:17,      21,     159,      20
05:27:35,      21,     155,      20
05:27:49,      21,     153,      20
05:28:04,      21,     154,      20
05:28:19,      21,     151,      20
05:28:32,      21,     151,      21
05:28:47,      21,     153,      20
05:29:01,      21,     152,      21
05:29:17,      21,     148,      20
05:29:30,      21,     147,      19
05:29:48,      21,     146,      19
05:30:02,      22,     148,      19
05:30:16,      22,     154,      22
05:30:32,      22,     158,      24
05:30:46,      22,     154,      25
05:31:01,      22,     156,      25
05:31:16,      22,     155,      25
05:31:30,      22,     158,      26
05:31:44,      22,     154,      25
05:31:58,      22,     151,      25
05:32:14,      22,     151,      24
05:32:30,      22,     153,      24
05:32:47,      22,     152,      23
05:33:04,      22,     150,      21
05:33:24,      22,     155,      21
05:33:43,      22,     161,      22
05:34:00,      22,     153,      22
05:34:23,      22,     163,      22
05:34:45,      22,     154,      22
05:35:06,      22,     156,      22
05:35:27,      22,     155,      21
05:35:43,      22,     157,      22
05:36:00,      22,     154,      21
05:36:18,      22,     154,      21
05:36:36,      22,     153,      21
05:36:54,      22,     158,      21
05:37:12,      22,     151,      21
05:37:31,      22,     154,      21
05:37:50,      22,     157,      21
05:38:06,      22,     156,      21
05:38:27,      22,     156,      20
05:38:48,      22,     156,      21
05:39:05,      22,     151,      21
05:39:21,      22,     152,      21
05:39:43,      22,     154,      20
05:40:03,      22,     157,      20
05:40:19,      22,     154,      21
05:40:42,      22,     152,      22
05:41:01,      22,     156,      21
05:41:16,      22,     152,      21
05:41:38,      22,     152,      20
05:41:57,      22,     155,      21
05:42:16,      22,     159,      21
05:42:31,      22,     155,      20
05:42:47,      22,     155,      20
05:43:04,      22,     153,      19
05:43:18,      22,     160,      19
05:43:32,      22,     160,      20
05:43:46,      22,     165,      20
05:44:03,      22,     163,      20
05:44:18,      22,     163,      20
05:44:33,      22,     163,      19
05:44:48,      22,     160,      19
05:45:05,      23,     160,      19
05:45:23,      23,     161,      19
05:45:40,      23,     162,      20
05:45:57,      23,     165,      20
05:46:13,      23,     162,      20
05:46:30,      23,     167,      20
05:46:49,      23,     169,      21
05:47:08,      23,     182,      21
05:47:24,      23,     191,      23
05:47:42,      23,     194,      23
05:47:59,      23,     194,      23
05:48:14,      23,     191,      23
05:48:29,      23,     189,      23
05:48:44,      23,     188,      23
05:49:01,      23,     190,      23
05:49:16,      23,     190,      22
05:49:30,      23,     194,      22
05:49:46,      23,     196,      22
05:50:02,      23,     175,      22
05:50:17,      23,     172,      23
05:50:32,      23,     172,      23
05:50:49,      23,     177,      23
05:51:06,      23,     198,      23
05:51:22,      23,     203,      24
05:51:38,      23,     199,      24
05:51:52,      23,     199,      24
05:52:08,      23,     201,      26
05:52:24,      23,     200,      28
05:52:38,      23,     198,      27
05:52:52,      23,     207,      27
05:53:07,      23,     203,      26
05:53:22,      23,     203,      27
05:53:36,      23,     204,      28
05:53:51,      23,     206,      28
05:54:04,      23,     204,      29
05:54:18,      23,     203,      28
05:54:32,      23,     206,      28
05:54:48,      23,     206,      28
05:55:03,      23,     208,      29
05:55:17,      23,     209,      28
05:55:31,      23,     208,      27
05:55:46,      23,     205,      28
05:56:00,      23,     202,      27
05:56:15,      23,     202,      28
05:56:32,      23,     199,      28
05:56:49,      23,     201,      29
05:57:04,      23,     204,      29
05:57:20,      23,     198,      30
05:57:34,      23,     202,      30
05:57:48,      23,     203,      30
05:58:03,      23,     201,      29
05:58:17,      23,     194,      28
05:58:31,      23,     193,      27
05:58:45,      23,     194,      27
05:59:01,      23,     193,      27
05:59:19,      23,     203,      27
05:59:34,      23,     199,      27
05:59:49,      23,     196,      26
06:00:05,      24,     198,      26
06:00:19,      24,     196,      27
06:00:34,      24,     196,      27
06:00:50,      24,     201,      26
06:01:04,      24,     198,      26
06:01:18,      24,     201,      27
06:01:32,      24,     203,      27
06:01:46,      24,     197,      27
06:02:00,      24,     198,      27
06:02:15,      24,     197,      26
06:02:29,      24,     207,      26
06:02:43,      24,     204,      25
06:02:57,      24,     202,      27
06:03:12,      24,     199,      27
06:03:27,      24,     202,      26
06:03:41,      24,     204,      27
06:03:55,      24,     203,      27
06:04:10,      24,     204,      27
06:04:25,      24,     210,      26
06:04:38,      24,     216,      27
06:04:53,      24,     212,      28
06:05:09,      24,     204,      28
06:05:24,      24,     201,      28
06:05:40,      24,     207,      38
06:05:54,      24,     201,      29
06:06:09,      24,     200,      29
06:06:23,      24,     201,      29
06:06:37,      24,     199,      28
06:06:52,      24,     199,      28
06:07:06,      24,     187,      28
06:07:21,      24,     176,      28
06:07:36,      24,     194,      28
06:07:51,      24,     200,      28
06:08:05,      24,     206,      28
06:08:19,      24,     211,      28
06:08:34,      24,     198,      28
06:08:49,      24,     207,      28
06:09:03,      24,     197,      27
06:09:23,      24,     189,      28
06:09:44,      24,     193,      28
06:10:03,      24,     193,      28
06:10:25,      24,     194,      28
06:10:43,      24,     195,      28
06:11:01,      24,     195,      27
06:11:19,      24,     186,      28
06:11:35,      24,     187,      29
06:11:49,      24,     191,      29
06:12:04,      24,     210,      28
06:12:23,      24,     196,      28
06:12:41,      24,     194,      28
06:13:05,      24,     194,      27
06:13:27,      24,     182,      26
06:13:47,      24,     209,      26
06:14:06,      24,     206,      27
06:14:23,      24,     202,      27
06:14:42,      24,     201,      27
06:15:01,      25,     211,      27
06:15:18,      25,     216,      27
06:15:33,      25,     205,      27
06:15:50,      25,     216,      26
06:16:05,      25,     200,      27
06:16:21,      25,     191,      28
06:16:36,      25,     205,      29
06:16:51,      25,     208,      31
06:17:07,      25,     207,      31
06:17:21,      25,     208,      31
06:17:36,      25,     208,      31
06:17:50,      25,     196,      31
06:18:05,      25,     213,      32
06:18:20,      25,     223,      32
06:18:36,      25,     221,      31
06:18:51,      25,     212,      32
06:19:12,      25,     212,      32
06:19:32,      25,     205,      33
06:19:49,      25,     200,      32
06:20:07,      25,     212,      31
06:20:22,      25,     213,      31
06:20:39,      25,     193,      31
06:20:56,      25,     186,      32
06:21:12,      25,     193,      32
06:21:26,      25,     189,      32
06:21:41,      25,     197,      32
06:21:56,      25,     194,      32
06:22:11,      25,     195,      32
06:22:27,      25,     189,      32
06:22:41,      25,     189,      32
06:22:56,      25,     187,      32
06:23:12,      25,     186,      29
06:23:27,      25,     187,      28
06:23:40,      25,     188,      36
06:23:54,      25,     183,      29
06:24:10,      25,     183,      29
06:24:24,      25,     186,      30
06:24:38,      25,     190,      30
06:24:54,      25,     191,      30
06:25:09,      25,     187,      29
06:25:25,      25,     193,      29
06:25:38,      25,     198,      29
06:25:53,      25,     191,      29
06:26:08,      25,     192,      29
06:26:22,      25,     195,      29
06:26:37,      25,     193,      28
06:26:52,      25,     201,      27
06:27:07,      25,     212,      27
06:27:21,      25,     209,      27
06:27:35,      25,     206,      27
06:27:49,      25,     211,      27
06:28:03,      25,     209,      27
06:28:18,      25,     207,      26
06:28:32,      25,     207,      26
06:28:46,      25,     207,      27
06:29:01,      25,     211,      27
06:29:16,      25,     210,      28
06:29:31,      25,     205,      27
06:29:46,      25,     206,      27
06:30:03,      26,     205,      27
06:30:20,      26,     204,      27
06:30:39,      26,     209,      29
06:30:57,      26,     218,      34
06:31:11,      26,     209,      30
06:31:26,      26,     208,      28
06:31:40,      26,     213,      28
06:31:54,      26,     209,      29
06:32:09,      26,     206,      29
06:32:24,      26,     209,      29
06:32:38,      26,     213,      29
06:32:52,      26,     214,      28
06:33:09,      26,     209,      29
06:33:24,      26,     209,      30
06:33:47,      26,     207,      30
06:34:03,      26,     205,      29
06:34:22,      26,     212,      28
06:34:43,      26,     207,      28
06:35:01,      26,     220,      28
06:35:17,      26,     221,      30
06:35:34,      26,     210,      30
06:35:53,      26,     208,      30
06:36:10,      26,     210,      29
06:36:28,      26,     210,      29
06:36:47,      26,     210,      29
06:37:06,      26,     217,      29
06:37:24,      26,     216,      28
06:37:40,      26,     203,      28
06:37:57,      26,     201,      30
06:38:16,      26,     207,      31
06:38:32,      26,     205,      31
06:38:51,      26,     206,      31
06:39:07,      26,     207,      30
06:39:21,      26,     205,      30
06:39:37,      26,     201,      30
06:39:53,      26,     201,      30
06:40:10,      26,     202,      30
06:40:26,      26,     205,      28
06:40:42,      26,     210,      28
06:41:01,      26,     204,      27
06:41:18,      26,     204,      27
06:41:35,      26,     204,      29
06:41:50,      26,     206,      29
06:42:04,      26,     207,      29
06:42:19,      26,     202,      29
06:42:34,      26,     200,      28
06:42:48,      26,     199,      29
06:43:06,      26,     200,      29
06:43:25,      26,     206,      32
06:43:43,      26,     212,      33
06:44:01,      26,     201,      28
06:44:19,      26,     210,      30
06:44:38,      26,     210,      33
06:44:57,      26,     215,      33
06:45:13,      27,     216,      33
06:45:33,      27,     216,      33
06:45:52,      27,     215,      32
06:46:09,      27,     209,      33
06:46:28,      27,     209,      33
06:46:44,      27,     216,      33
06:47:04,      27,     221,      33
06:47:18,      27,     218,      33
06:47:33,      27,     215,      32
06:47:48,      27,     217,      32
06:48:05,      27,     211,      32
06:48:18,      27,     213,      32
06:48:32,      27,     211,      32
06:48:50,      27,     210,      35
06:49:06,      27,     210,      41
06:49:24,      27,     212,      44
06:49:44,      27,     213,      38
06:50:02,      27,     217,      38
06:50:18,      27,     210,      38
06:50:34,      27,     209,      37
06:50:51,      27,     210,      37
06:51:08,      27,     202,      36
06:51:24,      27,     202,      33
06:51:41,      27,     217,      35
06:51:55,      27,     212,      34
06:52:11,      27,     204,      34
06:52:26,      27,     193,      33
06:52:39,      27,     198,      32
06:52:54,      27,     193,      37
06:53:10,      27,     197,      42
06:53:25,      27,     202,      33
06:53:40,      27,     207,      35
06:53:55,      27,     208,      35
06:54:10,      27,     205,      36
06:54:25,      27,     197,      36
06:54:40,      27,     198,      35
06:54:55,      27,     199,      35
06:55:10,      27,     199,      34
06:55:24,      27,     202,      35
06:55:39,      27,     217,      36
06:55:53,      27,     219,      35
06:56:09,      27,     221,      36
06:56:23,      27,     230,      36
06:56:38,      27,     224,      36
06:56:55,      27,     223,      36
06:57:14,      27,     226,      35
06:57:34,      27,     210,      37
06:57:53,      27,     210,      39
06:58:11,      27,     217,      34
06:58:27,      27,     217,      34
06:58:43,      27,     212,      34
06:58:59,      27,     212,      35
06:59:16,      27,     208,      36
06:59:33,      27,     211,      34
06:59:49,      27,     204,      34
07:00:02,      28,     209,      33
07:00:19,      28,     207,      34
07:00:34,      28,     210,      34
07:00:48,      28,     211,      34
07:01:06,      28,     212,      34
07:01:21,      28,     205,      33
07:01:37,      28,     206,      47
07:01:51,      28,     200,      43
07:02:05,      28,     194,      36
07:02:19,      28,     203,      32
07:02:34,      28,     202,      33
07:02:49,      28,     212,      33
07:03:05,      28,     198,      33
07:03:19,      28,     203,      34
07:03:38,      28,     201,      38
07:03:54,      28,     217,      59
07:04:09,      28,     205,      46
07:04:28,      28,     211,      47
07:04:45,      28,     219,      39
07:05:02,      28,     212,      39
07:05:18,      28,     217,      41
07:05:32,      28,     222,      40
07:05:47,      28,     219,      40
07:06:01,      28,     221,      41
07:06:16,      28,     212,      43
07:06:32,      28,     222,      55
07:06:46,      28,     226,      60
07:07:00,      28,     219,      43
07:07:15,      28,     216,      43
07:07:31,      28,     223,      42
07:07:45,      28,     219,      42
07:08:01,      28,     220,      42
07:08:15,      28,     214,      43
07:08:30,      28,     215,      43
07:08:45,      28,     215,      43
07:08:59,      28,     220,      43
07:09:16,      28,     228,      42
07:09:32,      28,     216,      42
07:09:47,      28,     216,      42
07:10:02,      28,     215,      42
07:10:17,      28,     223,      42
07:10:35,      28,     228,      41
07:10:49,      28,     228,      43
07:11:04,      28,     223,      49
07:11:24,      28,     224,      45
07:11:42,      28,     218,      41
07:12:03,      28,     222,      39
07:12:20,      28,     218,      38
07:12:43,      28,     216,      43
07:13:05,      28,     219,      43
07:13:19,      28,     214,      46
07:13:33,      28,     219,      46
07:13:47,      28,     220,      47
07:14:01,      28,     217,      47
07:14:16,      28,     219,      42
07:14:31,      28,     211,      41
07:14:45,      28,     224,      41
07:15:00,      29,     219,      41
07:15:15,      29,     221,      41
07:15:29,      29,     220,      41
07:15:44,      29,     213,      42
07:15:58,      29,     222,      42
07:16:13,      29,     215,      42
07:16:28,      29,     217,      42
07:16:42,      29,     228,      43
07:16:57,      29,     219,      44
07:17:13,      29,     222,      44
07:17:33,      29,     220,      43
07:17:48,      29,     223,      44
07:18:02,      29,     223,      44
07:18:19,      29,     234,      45
07:18:34,      29,     235,      44
07:18:49,      29,     231,      43
07:19:05,      29,     227,      43
07:19:23,      29,     223,      40
07:19:39,      29,     228,      39
07:19:54,      29,     219,      39
07:20:12,      29,     221,      39
07:20:29,      29,     221,      40
07:20:46,      29,     225,      42
07:21:08,      29,     222,      42
07:21:28,      29,     228,      44
07:21:48,      29,     223,      44
07:22:07,      29,     222,      42
07:22:24,      29,     223,      42
07:22:43,      29,     220,      42
07:23:01,      29,     220,      41
07:23:19,      29,     222,      41
07:23:34,      29,     229,      41
07:23:49,      29,     226,      41
07:24:04,      29,     222,      41
07:24:19,      29,     221,      41
07:24:34,      29,     226,      42
07:24:48,      29,     235,      45
07:25:01,      29,     229,      45
07:25:16,      29,     228,      45
07:25:30,      29,     229,      45
07:25:45,      29,     236,      45
07:26:00,      29,     241,      46
07:26:14,      29,     242,      48
07:26:34,      29,     248,      56
07:26:54,      29,     245,      55
07:27:14,      29,     248,      50
07:27:33,      29,     247,      51
07:27:51,      29,     252,      52
07:28:06,      29,     245,      51
07:28:20,      29,     249,      52
07:28:35,      29,     248,      52
07:28:50,      29,     241,      52
07:29:05,      29,     242,      51
07:29:20,      29,     243,      51
07:29:35,      29,     242,      51
07:29:52,      29,     241,      50
07:30:07,      30,     242,      49
07:30:21,      30,     240,      49
07:30:35,      30,     241,      48
07:30:50,      30,     245,      48
07:31:04,      30,     257,      58
07:31:20,      30,     258,      59
07:31:33,      30,     257,      63
07:31:48,      30,     243,      61
07:32:06,      30,     245,      51
07:32:26,      30,     244,      48
07:32:44,      30,     244,      49
07:32:59,      30,     244,      49
07:33:13,      30,     246,      50
07:33:27,      30,     249,      50
07:33:41,      30,     248,      50
07:33:56,      30,     266,      59
07:34:11,      30,     271,      68
07:34:26,      30,     254,      53
07:34:43,      30,     261,      54
07:35:01,      30,     257,      58
07:35:16,      30,     247,      59
07:35:30,      30,     244,      54
07:35:44,      30,     249,      54
07:35:58,      30,     250,      71
07:36:13,      30,     245,      60
07:36:28,      30,     244,      64
07:36:45,      30,     248,      67
07:37:01,      30,     248,      57
07:37:15,      30,     263,      75
07:37:34,      30,     264,      67
07:37:51,      30,     256,      68
07:38:07,      30,     256,      57
07:38:22,      30,     260,      57
07:38:36,      30,     264,      60
07:38:51,      30,     258,      64
07:39:05,      30,     271,      81
07:39:20,      30,     261,      64
07:39:36,      30,     259,      61
07:39:52,      30,     265,      61
07:40:09,      30,     269,      63
07:40:29,      30,     275,      68
07:40:47,      30,     284,      67
07:41:05,      30,     271,      69
07:41:22,      30,     271,      71
07:41:40,      30,     308,     113
07:41:59,      30,     310,     105
07:42:14,      30,     322,      85
07:42:32,      30,     329,      86
07:42:49,      30,     332,      88
07:43:08,      30,     349,      91
07:43:28,      30,     401,     136
07:43:47,      30,     389,     133
07:44:03,      30,     380,     131
07:44:20,      30,     370,     128
07:44:34,      30,     358,     119
07:44:51,      30,     361,      71
07:45:07,      31,     340,      47
07:45:28,      31,     317,      26
07:45:46,      31,     312,      31
07:46:05,      31,     319,      43
07:46:23,      31,     292,      16
07:46:37,      31,     280,      -2
07:46:52,      31,     276,       5
07:47:07,      31,     279,       6
07:47:21,      31,     267,       7
07:47:36,      31,     272,       7
07:47:50,      31,     283,      59
07:48:07,      31,     298,     100
07:48:21,      31,     293,      87
07:48:37,      31,     306,      97
07:48:51,      31,     304,      87
07:49:06,      31,     305,      83
07:49:20,      31,     308,      76
07:49:35,      31,     311,      75
07:49:48,      31,     317,      76
07:50:02,      31,     324,      77
07:50:17,      31,     320,      76
07:50:31,      31,     315,      76
07:50:45,      31,     309,      77
07:51:00,      31,     302,      77
07:51:15,      31,     314,      93
07:51:29,      31,     306,      80
07:51:44,      31,     305,      77
07:51:58,      31,     307,      76
07:52:14,      31,     311,      85
07:52:31,      31,     303,      86
07:52:46,      31,     296,      85
07:53:00,      31,     296,      77
07:53:15,      31,     294,      77
07:53:29,      31,     311,      97
07:53:44,      31,     308,      86
07:53:58,      31,     319,     105
07:54:12,      31,     320,      88
07:54:26,      31,     302,      80
07:54:40,      31,     302,      82
07:54:54,      31,     317,      95
07:55:09,      31,     311,      87
07:55:23,      31,     310,      83
07:55:37,      31,     308,      82
07:55:52,      31,     311,      77
07:56:08,      31,     311,      77
07:56:26,      31,     322,      94
07:56:47,      31,     312,      87
07:57:08,      31,     326,     101
07:57:27,      31,     325,      98
07:57:45,      31,     304,      60
07:58:06,      31,     313,      73
07:58:22,      31,     304,      62
07:58:37,      31,     299,      61
07:58:53,      31,     304,      51
07:59:07,      31,     302,      49
07:59:22,      31,     322,      84
07:59:37,      31,     315,      82
07:59:52,      31,     309,      67
08:00:07,      32,     303,      59
08:00:22,      32,     316,      66
08:00:36,      32,     315,      66
08:00:51,      32,     314,      56
08:01:06,      32,     328,      53
08:01:22,      32,     331,      54
08:01:36,      32,     328,      73
08:01:50,      32,     325,      86
08:02:06,      32,     325,      90
08:02:22,      32,     331,      82
08:02:38,      32,     334,      82
08:02:56,      32,     344,      85
08:03:13,      32,     342,      86
08:03:30,      32,     336,      87
08:03:44,      32,     340,      87
08:03:59,      32,     339,      87
08:04:15,      32,     338,      86
08:04:31,      32,     352,     110
08:04:46,      32,     342,      89
08:05:01,      32,     348,      66
08:05:19,      32,     342,      64
08:05:34,      32,     344,      59
08:05:51,      32,     343,      71
08:06:06,      32,     347,      60
08:06:20,      32,     327,      59
08:06:35,      32,     332,      84
08:06:50,      32,     342,      85
08:07:04,      32,     333,      74
08:07:18,      32,     330,      62
08:07:33,      32,     331,      60
08:07:51,      32,     341,      62
08:08:06,      32,     339,      67
08:08:20,      32,     326,      66
08:08:35,      32,     325,      64
08:08:50,      32,     320,      68
08:09:04,      32,     315,      65
08:09:18,      32,     319,      69
08:09:32,      32,     311,      67
08:09:49,      32,     321,      68
08:10:05,      32,     338,      72
08:10:20,      32,     315,      64
08:10:35,      32,     321,      88
08:10:49,      32,     318,      77
08:11:05,      32,     308,      64
08:11:22,      32,     311,      66
08:11:38,      32,     314,      75
08:11:55,      32,     318,      77
08:12:13,      32,     310,      63
08:12:28,      32,     319,      64
08:12:44,      32,     332,      97
08:12:58,      32,     333,      89
08:13:16,      32,     322,      83
08:13:35,      32,     317,      72
08:13:52,      32,     322,      66
08:14:08,      32,     322,      70
08:14:29,      32,     325,      61
08:14:50,      32,     332,      59
08:15:05,      33,     328,      59
08:15:23,      33,     336,      60
08:15:43,      33,     335,      61
08:16:03,      33,     341,      89
08:16:24,      33,     341,      91
08:16:44,      33,     330,      87
08:17:01,      33,     319,      76
08:17:21,      33,     318,      65
08:17:35,      33,     319,      71
08:17:50,      33,     331,      80
08:18:05,      33,     323,      69
08:18:19,      33,     327,      70
08:18:34,      33,     319,      67
08:18:53,      33,     332,      64
08:19:13,      33,     334,      96
08:19:30,      33,     332,      93
08:19:49,      33,     325,      83
08:20:07,      33,     339,      92
08:20:24,      33,     343,      76
08:20:43,      33,     329,      62
08:21:00,      33,     328,      69
08:21:20,      33,     339,      80
08:21:37,      33,     327,      61
08:21:54,      33,     346,      81
08:22:10,      33,     353,      96
08:22:26,      33,     347,      89
08:22:42,      33,     338,      74
08:22:59,      33,     337,      63
08:23:15,      33,     336,      59
08:23:31,      33,     335,      64
08:23:47,      33,     343,      71
08:24:03,      33,     337,      63
08:24:20,      33,     347,      66
08:24:36,      33,     363,      85
08:24:52,      33,     350,      79
08:25:08,      33,     350,      77
08:25:23,      33,     345,      70
08:25:37,      33,     349,      70
08:25:51,      33,     342,      68
08:26:06,      33,     351,      66
08:26:22,      33,     361,      89
08:26:36,      33,     341,      78
08:26:50,      33,     341,      87
08:27:05,      33,     351,      91
08:27:21,      33,     342,      69
08:27:37,      33,     345,      77
08:27:52,      33,     338,      65
08:28:09,      33,     336,      65
08:28:27,      33,     331,      61
08:28:43,      33,     328,      61
08:28:59,      33,     337,      73
08:29:15,      33,     349,      81
08:29:30,      33,     365,      99
08:29:44,      33,     374,      98
08:29:58,      33,     372,      96
08:30:13,      34,     369,      95
08:30:28,      34,     368,      76
08:30:43,      34,     353,      73
08:30:58,      34,     370,      69
08:31:14,      34,     380,      66
08:31:28,      34,     371,      68
08:31:43,      34,     369,      67
08:31:58,      34,     368,      62
08:32:15,      34,     361,      62
08:32:32,      34,     355,      70
08:32:48,      34,     356,      62
08:33:05,      34,     359,      61
08:33:23,      34,     367,      60
08:33:38,      34,     367,      71
08:33:53,      34,     356,      64
08:34:09,      34,     355,      73
08:34:26,      34,     366,      61
08:34:39,      34,     368,      60
08:34:54,      34,     373,      59
08:35:10,      34,     358,      60
08:35:25,      34,     354,      61
08:35:39,      34,     355,      61
08:35:53,      34,     362,      77
08:36:09,      34,     350,      79
08:36:23,      34,     338,      66
08:36:37,      34,     333,      69
08:36:52,      34,     338,      70
08:37:06,      34,     342,      64
08:37:22,      34,     342,      59
08:37:38,      34,     348,      60
08:37:56,      34,     352,      60
08:38:12,      34,     351,      65
08:38:27,      34,     356,      88
08:38:42,      34,     358,      76
08:39:02,      34,     342,      72
08:39:21,      34,     345,      68
08:39:43,      34,     346,      63
08:40:03,      34,     341,      60
08:40:21,      34,     340,      69
08:40:43,      34,     359,      98
08:41:04,      34,     347,      75
08:41:26,      34,     351,      81
08:41:47,      34,     350,      73
08:42:04,      34,     348,      79
08:42:22,      34,     353,      68
08:42:41,      34,     356,      65
08:42:58,      34,     351,      67
08:43:14,      34,     349,      68
08:43:34,      34,     349,      63
08:43:50,      34,     353,      63
08:44:06,      34,     360,      62
08:44:22,      34,     366,      65
08:44:36,      34,     371,      86
08:44:51,      34,     360,      71
08:45:07,      35,     356,      64
08:45:25,      35,     359,      63
08:45:40,      35,     353,      69
08:45:57,      35,     364,      78
08:46:16,      35,     372,      80
08:46:34,      35,     376,      79
08:46:50,      35,     369,      85
08:47:10,      35,     380,      96
08:47:29,      35,     367,      80
08:47:44,      35,     375,      65
08:48:03,      35,     366,      67
08:48:21,      35,     360,      75
08:48:38,      35,     360,      78
08:48:55,      35,     359,      78
08:49:11,      35,     353,      73
08:49:25,      35,     358,      82
08:49:39,      35,     361,      84
08:49:53,      35,     349,      79
08:50:08,      35,     352,      82
08:50:22,      35,     350,      73
08:50:36,      35,     354,      78
08:50:50,      35,     358,      65
08:51:08,      35,     350,      65
08:51:22,      35,     346,      68
08:51:35,      35,     361,      94
08:51:53,      35,     343,      79
08:52:11,      35,     344,      76
08:52:28,      35,     348,      86
08:52:47,      35,     358,      74
08:53:04,      35,     360,      77
08:53:21,      35,     382,     113
08:53:40,      35,     389,     114
08:53:55,      35,     386,     112
08:54:15,      35,     387,     109
08:54:30,      35,     391,     109
08:54:49,      35,     410,     123
08:55:07,      35,     415,     129
08:55:26,      35,     406,     109
08:55:41,      35,     415,     124
08:55:55,      35,     413,     100
08:56:11,      35,     425,      54
08:56:27,      35,     415,      56
08:56:46,      35,     409,      46
08:57:04,      35,     409,      62
08:57:26,      35,     406,      75
08:57:45,      35,     406,      75
08:58:05,      35,     404,      80
08:58:26,      35,     409,      79
08:58:39,      35,     420,      89
08:58:54,      35,     420,      98
08:59:09,      35,     410,      84
08:59:24,      35,     366,      34
08:59:41,      35,     361,      35
08:59:58,      35,     371,      38
09:00:13,      36,     367,      38
09:00:30,      36,     370,      45
09:00:50,      36,     361,      90
09:01:10,      36,     368,      95
09:01:26,      36,     377,     114
09:01:46,      36,     374,     116
09:02:05,      36,     374,     108
09:02:20,      36,     370,      78
09:02:36,      36,     368,      85
09:02:52,      36,     379,     105
09:03:09,      36,     361,      88
09:03:25,      36,     376,      92
09:03:43,      36,     378,      94
09:03:59,      36,     367,      95
09:04:13,      36,     360,      80
09:04:30,      36,     386,      92
09:04:47,      36,     406,     103
09:05:09,      36,     379,      89
09:05:31,      36,     377,      90
09:05:46,      36,     388,      98
09:06:01,      36,     381,      87
09:06:16,      36,     396,      99
09:06:31,      36,     402,     109
09:06:46,      36,     393,     111
09:07:00,      36,     376,      75
09:07:26,      36,     385,      84
09:07:45,      36,     377,      79
09:08:05,      36,     395,     104
09:08:33,      36,     396,      96
09:08:59,      36,     377,      82
09:09:32,      36,     383,      82
09:10:04,      36,     377,      81
09:10:27,      36,     373,      75
09:10:51,      36,     375,      71
09:11:21,      36,     400,      92
09:11:57,      36,     402,      88
09:12:22,      36,     408,      82
09:12:39,      36,     400,      90
09:12:58,      36,     406,      90
09:13:18,      36,     402,      92
09:13:36,      36,     398,      92
09:13:58,      36,     418,     103
09:14:27,      36,     429,      84
09:14:52,      36,     424,      94
09:15:19,      37,     415,      77
09:15:44,      37,     419,      74
09:16:11,      37,     430,      90
09:16:38,      37,     425,      97
09:17:05,      37,     422,      81
09:17:35,      37,     422,      74
09:17:56,      37,     423,      73
09:18:23,      37,     415,      74
09:18:52,      37,     410,      73
09:19:22,      37,     405,      79
09:19:48,      37,     418,      91
09:20:10,      37,     417,      91
09:20:32,      37,     411,      83
09:20:53,      37,     412,      86
09:21:23,      37,     415,      87
09:21:43,      37,     410,      82
09:22:00,      37,     407,      77
09:22:16,      37,     406,      94
09:22:33,      37,     393,      74
09:22:54,      37,     398,      76
09:23:15,      37,     403,      77
09:23:33,      37,     414,      75
09:23:50,      37,     428,      88
09:24:08,      37,     417,      82
09:24:23,      37,     407,      86
09:24:42,      37,     415,      82
09:24:58,      37,     421,      92
09:25:14,      37,     422,      90
09:25:30,      37,     405,      94
09:25:44,      37,     399,      87
09:26:00,      37,     393,      87
09:26:17,      37,     405,      91
09:26:33,      37,     400,      90
09:26:49,      37,     413,      92
09:27:05,      37,     409,      89
09:27:20,      37,     384,      73
09:27:35,      37,     389,      73
09:27:52,      37,     395,      73
09:28:08,      37,     400,      73
09:28:24,      37,     400,      72
09:28:41,      37,     403,      71
09:28:58,      37,     428,      90
09:29:14,      37,     410,      90
09:29:31,      37,     399,      78
09:29:48,      37,     415,     105
09:30:08,      38,     432,      94
09:30:30,      38,     432,      95
09:30:47,      38,     433,      94
09:31:06,      38,     404,      83
09:31:25,      38,     417,      84
09:31:42,      38,     418,      85
09:31:59,      38,     428,      97
09:32:18,      38,     451,     104
09:32:37,      38,     431,      95
09:32:57,      38,     404,      77
09:33:14,      38,     425,     111
09:33:32,      38,     414,      88
09:33:46,      38,     418,      99
09:34:03,      38,     415,      82
09:34:21,      38,     403,      87
09:34:37,      38,     411,      95
09:34:52,      38,     425,      89
09:35:09,      38,     439,     117
09:35:23,      38,     430,     103
09:35:41,      38,     419,      85
09:36:01,      38,     413,      98
09:36:18,      38,     406,      87
09:36:39,      38,     409,      91
09:36:59,      38,     431,      97
09:37:18,      38,     427,      89
09:37:35,      38,     426,     106
09:37:51,      38,     415,      90
09:38:07,      38,     412,      96
09:38:24,      38,     397,      99
09:38:41,      38,     421,      90
09:38:56,      38,     411,      97
09:39:14,      38,     387,      85
09:39:31,      38,     387,      85
09:39:48,      38,     398,      89
09:40:07,      38,     401,      93
09:40:22,      38,     403,      79
09:40:37,      38,     396,      96
09:40:53,      38,     394,      82
09:41:09,      38,     413,     119
09:41:27,      38,     416,     105
09:59:35,      39,     423,     101
10:14:35,      40,     415,      76
10:29:34,      41,     433,      79
10:44:34,      42,     437,      80
10:59:34,      43,     422,      84
11:14:34,      44,     467,     106
11:29:34,      45,     452,      94
11:44:34,      46,     455,      97
11:59:34,      47,     440,      90
12:14:33,      48,     443,     104
12:29:33,      49,     460,     112
12:44:32,      50,     454,     118
12:59:32,      51,     457,     122
13:14:32,      52,     478,     120
13:29:32,      53,     457,     119
13:44:32,      54,     438,     106
13:59:32,      55,     464,     106
14:14:32,      56,     450,     100
14:29:32,      57,     457,     113
14:44:32,      58,     450,     112
14:59:32,      59,     455,     112
15:14:32,      60,     470,     118
15:29:31,      61,     427,     106
15:44:31,      62,     414,     104
15:59:30,      63,     409,     103
16:14:30,      64,     383,      91
16:29:30,      65,     384,      93
16:44:30,      66,     361,      87
16:59:30,      67,     361,      86
17:14:30,      68,     339,      75
17:29:30,      69,     317,      69
17:44:30,      70,     308,      66
17:59:30,      71,     316,      82
18:14:30,      72,     289,      73
18:29:30,      73,     268,      49
18:44:28,      74,     265,      51
18:59:21,      75,     261,      53
19:14:10,      76,     246,      46
19:29:02,      77,     239,      46
19:43:47,      78,     235,      43
19:58:39,      79,     238,      47
20:13:30,      80,     210,      50
20:28:19,      81,     205,      52
20:43:09,      82,     195,      46
20:58:03,      83,     198,      41
21:12:58,      84,     201,      41
21:27:52,      85,     192,      36
21:42:47,      86,     190,      35
21:57:40,      87,     189,      34
22:12:28,      88,     184,      31
22:27:18,      89,     184,      31
22:42:06,      90,     182,      29
22:56:55,      91,     176,      26
23:11:46,      92,     173,      23
23:26:35,      93,     169,      23
23:41:22,      94,     174,      26
23:56:10,      95,     172,      23
