Praznik;Mjesec;Temperatura;PotrosnjaPrije1h;PotrosnjaPrije2h;PotrosnjaPrije3h;Potrosnja
1;1;-5.0;145.75;147.75;153.0;146.5
1;1;-1.5;160.0;161.75;161.25;167.25
0;1;-3.3;393.5;344.0;284.0;419.25
0;1;-2.9;436.0;363.0;276.5;446.25
0;1;-2.5;407.5;369.5;273.25;423.333333333
1;1;-0.1;176.25;177.25;165.75;178.25
0;1;11.3;225.75;214.75;195.75;236.0
1;1;12.5;171.75;169.75;170.75;178.75
1;1;14.1;166.75;163.0;164.25;171.0
0;1;8.6;448.0;366.5;266.5;467.5
0;1;3.8;446.5;355.25;278.5;482.5
0;1;4.9;441.5;NaN;NaN;458.25
0;1;4.4;427.0;374.75;312.5;433.0
0;1;8.9;422.25;350.75;254.5;429.5
1;1;6.0;191.25;193.25;178.0;200.5
1;1;3.7;152.25;150.25;154.5;154.75
0;1;1.6;426.25;367.75;291.5;462.25
0;1;0.6;422.0;351.0;286.5;445.25
0;1;0.6;423.0;354.0;275.0;443.0
0;1;4.3;426.25;367.25;280.0;436.0
0;1;1.3;462.25;385.0;285.5;474.25
1;1;-0.1;200.0;187.0;178.25;199.5
1;1;-0.6;169.0;170.75;171.25;170.75
0;1;-1.2;428.0;368.0;290.25;448.75
0;1;-1.2;414.25;354.25;275.75;449.0
0;1;3.7;411.0;343.0;265.25;444.5
0;1;2.8;416.25;354.5;278.75;424.75
0;1;-1.8;457.5;361.75;283.5;469.75
1;1;-1.4;184.25;182.5;188.75;185.75
1;1;-0.9;169.75;168.25;171.0;168.25
0;1;-1.1;398.75;349.25;277.5;423.25
0;2;-1.9;398.25;336.0;289.5;397.5
0;2;-2.8;374.25;334.5;286.25;404.75
0;2;-0.4;388.5;328.75;281.5;391.0
0;2;2.4;343.0;320.5;270.75;351.75
1;2;5.0;185.25;182.25;189.75;184.5
1;2;7.2;172.5;171.5;170.75;172.75
0;2;6.8;377.75;303.25;268.25;366.75
0;2;7.8;344.75;317.75;292.25;363.75
0;2;8.7;376.25;319.5;274.5;378.75
0;2;6.6;382.0;310.0;273.0;390.25
0;2;10.1;346.0;324.75;261.25;358.0
1;2;8.7;174.5;173.25;170.75;180.5
1;2;3.7;176.5;175.25;176.25;176.25
0;2;2.1;429.5;381.5;286.5;458.0
0;2;0.7;443.75;372.75;285.25;485.75
0;2;2.0;444.0;375.25;303.0;453.5
0;2;2.1;427.5;375.5;306.5;468.0
0;2;3.1;436.25;354.5;293.0;461.5
1;2;5.2;158.25;155.0;164.25;164.75
1;2;4.8;141.25;142.5;142.75;158.25
0;2;-0.5;443.25;372.25;280.0;465.5
0;2;-1.4;423.75;362.0;286.75;431.25
0;2;-3.3;391.75;352.75;278.5;402.75
0;2;-1.6;403.25;347.5;268.5;404.5
0;2;0.5;394.25;353.75;264.75;411.75
1;2;-0.4;201.25;180.75;173.25;207.5
1;2;-1.0;170.75;170.75;170.5;175.75
0;2;-1.1;448.25;384.5;282.5;484.5
0;3;0.2;446.5;372.0;298.5;497.75
0;3;0.4;447.25;385.0;307.75;477.0
0;3;-1.0;448.0;373.75;281.0;476.75
0;3;2.3;417.75;352.5;266.5;462.0
1;3;1.5;187.583941606;183.864468864;180.390510949;196.339552239
1;3;3.3;172.396363636;171.306569343;170.087912088;173.919708029
0;3;4.0;400.791970803;350.131086142;252.45620438;436.091240876
0;3;2.9;422.022813688;360.629482072;283.614814815;415.945848375
0;3;4.1;405.642023346;361.856031128;277.30078125;430.31640625
0;3;7.2;396.747081712;353.6796875;285.902723735;424.296875
0;3;13.3;400.65234375;340.15234375;275.3125;437.221789883
1;3;12.7;186.75;185.431906615;183.99609375;187.536964981
1;3;14.0;182.661478599;182.19921875;180.7421875;184.14453125
0;3;17.9;400.515625;392.840466926;294.76953125;431.72265625
0;3;17.0;391.75;326.5;284.0;423.75
0;3;11.0;449.25;354.25;283.75;479.25
0;3;12.7;427.0;350.5;295.25;457.25
0;3;13.0;425.5;358.25;292.75;464.0
1;3;7.0;176.5;180.25;187.75;172.25
1;3;6.8;185.25;177.75;177.5;187.25
0;3;5.8;416.75;352.5;282.75;439.5
0;3;11.0;393.25;345.0;265.0;424.75
0;3;14.3;378.75;332.75;261.0;407.0
0;3;15.8;390.25;312.0;261.75;389.5
0;3;16.8;366.5;309.0;257.75;418.5
1;3;17.3;230.0;211.25;194.25;253.0
1;3;13.0;185.5;183.0;179.0;193.25
0;3;11.5;NaN;NaN;NaN;NaN
0;3;14.9;NaN;NaN;NaN;389.5
0;3;14.2;382.25;328.75;273.0;415.25
0;3;17.0;395.75;342.5;281.75;434.5
0;4;16.9;NaN;NaN;NaN;NaN
1;4;19.4;NaN;NaN;NaN;NaN
1;4;18.3;NaN;NaN;NaN;NaN
0;4;18.9;NaN;NaN;NaN;NaN
0;4;13.8;NaN;NaN;NaN;NaN
0;4;15.6;NaN;NaN;NaN;NaN
0;4;21.5;NaN;NaN;NaN;NaN
0;4;16.6;NaN;NaN;NaN;NaN
1;4;21.2;NaN;NaN;NaN;NaN
1;4;14.8;NaN;NaN;NaN;NaN
0;4;16.7;NaN;NaN;NaN;NaN
0;4;23.1;NaN;NaN;NaN;NaN
0;4;12.5;NaN;NaN;NaN;NaN
0;4;13.1;NaN;NaN;NaN;NaN
0;4;12.0;NaN;NaN;NaN;NaN
1;4;9.7;NaN;NaN;NaN;NaN
1;4;14.7;156.0;154.0;154.25;156.25
0;4;16.8;390.5;324.75;239.5;401.75
0;4;18.1;374.75;329.25;254.5;391.25
0;4;18.7;389.5;339.75;243.75;407.0
0;4;20.0;365.0;319.5;244.5;382.0
0;4;20.9;340.25;281.25;241.0;336.0
1;4;21.8;155.25;153.25;151.0;152.25
1;4;22.0;140.25;137.75;136.25;142.25
1;4;19.2;148.75;146.0;143.5;153.0
0;4;13.7;410.25;346.5;238.25;423.75
0;4;16.7;374.75;310.0;235.5;402.25
0;4;14.8;425.25;323.75;236.5;461.5
0;4;14.1;390.75;333.0;259.75;406.0
1;4;15.0;176.5;160.5;158.0;174.75
1;5;15.2;145.25;145.0;145.0;145.0
0;5;17.3;361.5;288.5;214.0;367.5
0;5;21.8;379.25;318.0;231.0;401.75
0;5;11.2;379.0;NaN;NaN;394.5
0;5;14.8;329.769633508;289.981818182;220.25;352.164179104
0;5;15.5;349.080586081;301.408759124;236.149635036;368.861313869
1;5;19.5;165.864197531;158.531120332;159.404958678;167.43220339
1;5;19.3;150.468619247;146.315352697;144.545081967;173.851239669
0;5;17.3;355.75;294.25;225.5;378.75
0;5;22.1;336.75;279.0;227.5;352.25
0;5;23.4;387.5;324.5;244.0;394.75
0;5;25.4;348.75;292.0;229.25;360.25
0;5;22.4;NaN;NaN;NaN;NaN
1;5;22.9;228.0;NaN;NaN;233.0
1;5;12.7;196.863453815;186.276422764;178.650684932;207.919354839
0;5;15.5;378.895652174;354.928286853;293.518218623;404.864864865
0;5;16.9;378.81981982;332.877729258;244.62;393.697777778
0;5;18.8;399.546255507;333.521367521;247.273542601;431.96969697
0;5;23.3;386.143478261;341.756521739;251.067460317;400.367713004
0;5;24.7;383.214953271;314.959459459;221.004385965;393.612244898
1;5;26.1;184.208888889;134.071748879;166.056074766;210.132420091
1;5;22.6;150.583333333;146.970588235;143.81938326;155.089686099
0;5;25.3;377.138528139;328.296460177;246.187793427;417.03930131
0;5;25.7;440.674107143;372.727678571;263.487068966;468.194690265
0;5;24.2;403.392307692;349.827272727;256.947136564;426.75
0;5;22.5;391.995670996;339.692982456;251.907079646;427.168141593
0;5;26.4;471.256410256;348.612765957;257.086956522;501.298701299
1;5;13.0;234.572052402;170.724576271;161.088495575;216.449579832
1;5;20.2;195.862222222;145.811965812;145.35021097;177.87037037
0;5;23.0;422.472340426;387.084745763;262.611814346;462.911894273
0;5;24.9;382.594827586;351.987068966;250.122881356;409.730769231
