Praznik;Mjesec;Temperatura;PotrosnjaPrije1h;PotrosnjaPrije2h;PotrosnjaPrije3h;Potrosnja
1;1;-4.2;167.0;165.0;164.25;169.0
1;1;-1.4;184.25;184.5;184.5;178.0
0;1;-2.9;271.0;321.25;348.5;219.0
0;1;-2.8;263.0;323.5;355.75;230.25
0;1;-2.5;267.5;330.25;362.25;230.75
1;1;2.6;195.25;197.0;197.75;185.25
0;1;11.3;206.25;216.0;230.75;194.0
1;1;11.9;198.25;198.5;202.25;193.25
1;1;11.6;192.75;194.25;192.75;190.0
0;1;6.5;254.0;300.75;346.5;220.25
0;1;4.1;281.0;322.25;369.0;244.0
0;1;0.5;284.75;323.25;341.0;225.5
0;1;6.6;291.25;344.5;358.5;240.5
0;1;4.6;264.5;294.5;355.5;226.25
1;1;3.3;182.5;187.25;189.0;178.0
1;1;2.8;179.75;180.75;175.75;176.0
0;1;3.3;256.5;320.75;357.5;229.25
0;1;-0.6;257.0;311.25;334.25;232.25
0;1;3.5;283.75;341.25;368.0;230.5
0;1;3.1;264.25;325.75;390.0;235.25
0;1;1.2;242.25;288.0;340.5;212.75
1;1;-0.8;196.75;205.25;206.0;192.5
1;1;-0.4;201.75;206.25;200.75;190.0
0;1;-2.8;290.0;320.75;335.5;255.75
0;1;-0.7;296.0;322.5;338.5;246.5
0;1;1.4;279.25;323.0;350.0;247.75
0;1;0.9;268.0;307.25;315.75;241.25
0;1;-0.6;242.5;293.25;343.75;225.75
1;1;-0.5;190.0;192.5;197.0;187.25
1;1;-0.8;182.5;186.0;188.75;180.75
0;1;-1.7;257.5;295.5;313.25;242.75
0;2;-4.0;249.25;277.5;306.5;230.25
0;2;-5.0;246.25;282.5;308.5;225.0
0;2;-3.5;242.5;273.0;301.0;230.0
0;2;-0.7;222.75;254.5;277.5;204.75
1;2;1.1;185.25;186.75;181.25;179.75
1;2;2.2;188.25;191.0;185.25;184.25
0;2;3.5;238.0;265.25;293.75;222.75
0;2;6.3;233.0;265.0;276.5;218.75
0;2;2.8;243.75;269.5;280.5;223.25
0;2;2.3;244.5;265.5;280.5;230.5
0;2;8.0;228.0;256.75;278.75;202.0
1;2;3.6;199.0;202.0;204.0;191.25
1;2;1.8;188.75;196.0;191.0;185.25
0;2;0.8;276.5;325.0;372.25;248.5
0;2;0.4;281.5;339.5;373.0;248.0
0;2;4.7;282.5;333.0;375.25;238.25
0;2;3.9;317.25;364.5;372.0;252.5
0;2;3.6;271.25;303.5;337.75;251.0
1;2;5.0;171.5;168.25;161.75;166.25
1;2;3.1;209.5;202.75;194.25;202.75
0;2;-1.5;303.5;334.5;359.75;258.75
0;2;-1.2;275.5;330.25;374.75;230.0
0;2;-3.4;257.75;323.0;336.0;226.0
0;2;-4.1;295.0;342.75;338.25;248.75
0;2;-0.3;248.0;285.5;310.5;223.0
1;2;-3.1;194.25;199.25;189.25;192.0
1;2;-1.2;213.25;218.75;206.25;203.5
0;2;0.2;283.5;324.75;357.5;253.5
0;3;0.8;282.75;329.0;379.25;257.25
0;3;-1.7;270.25;318.5;373.25;239.5
0;3;0.3;277.0;324.0;363.25;237.25
0;3;-1.6;247.0;298.5;325.0;222.5
1;3;1.1;203.642335766;201.428571429;196.834558824;195.178832117
1;3;3.7;182.795620438;186.175182482;180.767241379;179.244525547
0;3;-2.6;300.379562044;333.666666667;341.208029197;247.996254682
0;3;-1.9;266.708;315.847058824;331.832684825;244.821011673
0;3;0.0;276.04296875;336.25;338.345098039;241.910505837
0;3;4.0;302.57421875;336.76171875;337.01953125;238.105058366
0;3;11.4;275.25;307.01953125;321.241245136;233.717647059
1;3;12.3;208.1640625;211.643137255;200.97254902;208.4765625
1;3;11.4;209.822834646;215.575875486;210.207843137;208.715953307
0;3;12.7;287.25;329.25;339.471698113;241.5
0;3;14.9;301.0;348.75;374.0;241.0
0;3;10.9;291.75;341.5;372.25;243.5
0;3;12.7;301.75;334.75;339.25;272.0
0;3;7.7;276.25;320.0;364.0;250.0
1;3;7.1;208.5;201.0;196.5;202.25
1;3;6.8;206.0;198.5;189.0;202.25
0;3;2.5;261.5;287.5;307.5;238.0
0;3;5.3;276.5;331.25;322.0;236.75
0;3;9.6;254.5;274.25;294.75;234.75
0;3;9.5;280.0;315.25;333.75;252.25
0;3;15.4;273.75;307.25;312.75;222.0
1;3;13.1;207.0;205.5;199.5;204.25
1;3;13.2;205.25;193.75;194.25;207.5
0;3;9.6;NaN;NaN;NaN;NaN
0;3;7.6;245.0;252.25;297.25;238.75
0;3;8.4;249.25;260.25;282.0;241.0
0;3;9.8;243.0;264.75;279.75;242.25
0;4;13.7;NaN;NaN;NaN;NaN
1;4;12.2;NaN;NaN;NaN;NaN
1;4;13.3;NaN;NaN;NaN;NaN
0;4;11.8;NaN;NaN;NaN;NaN
0;4;7.8;NaN;NaN;NaN;NaN
0;4;11.6;NaN;NaN;NaN;NaN
0;4;22.0;NaN;NaN;NaN;NaN
0;4;13.3;NaN;NaN;NaN;NaN
1;4;14.1;NaN;NaN;NaN;NaN
1;4;10.4;NaN;NaN;NaN;NaN
0;4;11.6;NaN;NaN;NaN;NaN
0;4;8.2;NaN;NaN;NaN;NaN
0;4;5.5;NaN;NaN;NaN;NaN
0;4;8.5;NaN;NaN;NaN;NaN
0;4;8.7;NaN;NaN;NaN;NaN
1;4;9.1;174.25;167.25;163.75;177.5
1;4;8.2;158.75;156.0;151.5;162.25
0;4;8.6;215.75;238.0;252.25;192.75
0;4;10.3;214.75;268.0;301.5;198.5
0;4;12.2;227.5;245.25;291.0;221.0
0;4;12.8;235.75;261.75;280.25;217.5
0;4;13.4;164.5;173.5;184.0;165.25
1;4;19.6;150.75;152.5;151.25;155.5
1;4;15.4;151.25;151.0;152.75;159.0
1;4;16.0;161.75;160.75;159.5;163.0
0;4;14.1;248.5;291.0;312.25;193.75
0;4;15.0;254.75;287.5;320.0;207.25
0;4;12.5;260.5;290.75;324.5;226.25
0;4;12.1;203.5;243.25;287.5;185.75
1;4;15.1;175.25;185.25;175.5;192.0
1;5;12.9;166.25;161.5;157.25;167.25
0;5;12.6;201.25;215.25;249.5;197.5
0;5;10.1;222.75;264.25;274.75;201.75
0;5;7.1;190.5;225.75;264.5;187.0
0;5;8.4;198.156934307;231.626373626;284.802197802;199.432234432
0;5;10.5;209.738589212;236.357142857;264.07755102;186.378723404
1;5;12.3;163.433884298;161.407407407;162.049180328;170.975308642
1;5;9.2;161.327659574;167.234042553;167.209756098;170.091666667
0;5;14.2;198.5;220.75;254.0;188.75
0;5;14.2;200.75;218.5;277.5;197.5
0;5;15.1;209.25;229.0;255.0;206.25
0;5;17.4;206.5;233.0;250.75;206.5
0;5;18.4;NaN;NaN;NaN;NaN
1;5;20.5;205.0;219.75;227.75;214.25
1;5;10.2;207.502242152;213.796460177;205.523148148;213.358974359
0;5;14.0;229.693023256;266.180094787;296.175609756;206.180995475
0;5;16.3;245.654867257;288.942731278;310.888412017;219.291304348
0;5;16.0;237.445945946;264.042372881;289.966942149;198.845454545
0;5;17.4;243.601851852;278.479820628;289.619834711;224.431111111
0;5;19.0;186.670995671;216.103004292;268.533039648;183.034782609
1;5;17.2;179.823529412;179.942307692;187.259803922;180.338383838
1;5;16.8;171.0;173.389423077;168.623318386;177.40625
0;5;19.1;262.793577982;280.230088496;331.171171171;222.331818182
0;5;20.0;233.034632035;291.057268722;331.547826087;214.686098655
0;5;19.5;239.5;270.75;320.0;202.0
0;5;18.0;216.688596491;259.308370044;320.612068966;204.703539823
0;5;24.2;208.215859031;293.276595745;389.225531915;196.995708155
1;5;14.2;168.439130435;168.755458515;167.145833333;168.449781659
1;5;14.9;161.483050847;162.886075949;165.948717949;164.567099567
0;5;18.3;228.415584416;267.725321888;315.49137931;214.206896552
0;5;20.1;231.356223176;301.939914163;380.787234043;199.564655172
