Praznik;Mjesec;Temperatura;PotrosnjaPrije1h;PotrosnjaPrije2h;PotrosnjaPrije3h;Potrosnja
1;1;-5.0;147.75;153.0;157.25;145.75
1;1;-1.9;161.75;161.25;163.0;160.0
0;1;-3.9;344.0;284.0;224.5;393.5
0;1;-2.9;363.0;276.5;228.25;436.0
0;1;-2.8;369.5;273.25;222.5;407.5
1;1;-1.5;177.25;165.75;167.0;176.25
0;1;9.7;214.75;195.75;192.25;225.75
1;1;12.1;169.75;170.75;171.75;171.75
1;1;12.3;163.0;164.25;166.75;166.75
0;1;6.5;366.5;266.5;214.75;448.0
0;1;3.7;355.25;278.5;229.0;446.5
0;1;4.7;NaN;NaN;NaN;441.5
0;1;4.2;374.75;312.5;241.0;427.0
0;1;6.1;350.75;254.5;218.0;422.25
1;1;5.2;193.25;178.0;179.5;191.25
1;1;3.0;150.25;154.5;158.25;152.25
0;1;0.6;367.75;291.5;228.25;426.25
0;1;1.3;351.0;286.5;244.5;422.0
0;1;-0.4;354.0;275.0;237.0;423.0
0;1;4.0;367.25;280.0;249.5;426.25
0;1;1.4;385.0;285.5;243.0;462.25
1;1;-0.2;187.0;178.25;181.25;200.0
1;1;-1.6;170.75;171.25;177.0;169.0
0;1;-1.8;368.0;290.25;238.25;428.0
0;1;-1.8;354.25;275.75;228.0;414.25
0;1;1.7;343.0;265.25;227.0;411.0
0;1;2.6;354.5;278.75;234.0;416.25
0;1;-1.4;361.75;283.5;236.75;457.5
1;1;-1.7;182.5;188.75;185.25;184.25
1;1;-1.1;168.25;171.0;172.5;169.75
0;1;-1.4;349.25;277.5;230.75;398.75
0;2;-1.9;336.0;289.5;259.75;398.25
0;2;-3.2;334.5;286.25;243.25;374.25
0;2;-1.0;328.75;281.5;250.25;388.5
0;2;0.5;320.5;270.75;237.75;343.0
1;2;2.0;182.25;189.75;178.0;185.25
1;2;4.8;171.5;170.75;177.5;172.5
0;2;4.0;303.25;268.25;215.25;377.75
0;2;3.9;317.75;292.25;234.0;344.75
0;2;7.5;319.5;274.5;230.75;376.25
0;2;4.6;310.0;273.0;228.5;382.0
0;2;4.8;324.75;261.25;223.0;346.0
1;2;11.3;173.25;170.75;179.25;174.5
1;2;3.4;175.25;176.25;185.0;176.5
0;2;2.0;381.5;286.5;247.25;429.5
0;2;0.8;372.75;285.25;260.5;443.75
0;2;2.3;375.25;303.0;254.5;444.0
0;2;2.2;375.5;306.5;255.0;427.5
0;2;3.1;354.5;293.0;247.25;436.25
1;2;4.8;155.0;164.25;184.5;158.25
1;2;3.2;142.5;142.75;146.0;141.25
0;2;-1.1;372.25;280.0;239.0;443.25
0;2;-2.0;362.0;286.75;247.5;423.75
0;2;-4.0;352.75;278.5;236.25;391.75
0;2;-3.1;347.5;268.5;222.75;403.25
0;2;-1.1;353.75;264.75;243.25;394.25
1;2;-0.5;180.75;173.25;180.75;201.25
1;2;-1.7;170.75;170.5;175.75;170.75
0;2;-1.2;384.5;282.5;243.0;448.25
0;3;0.2;372.0;298.5;247.25;446.5
0;3;-0.1;385.0;307.75;240.75;447.25
0;3;-1.1;373.75;281.0;237.5;448.0
0;3;1.8;352.5;266.5;240.0;417.75
1;3;0.9;183.864468864;180.390510949;182.467153285;187.583941606
1;3;2.3;171.306569343;170.087912088;171.959854015;172.396363636
0;3;3.1;350.131086142;252.45620438;226.282051282;400.791970803
0;3;2.4;360.629482072;283.614814815;246.064981949;422.022813688
0;3;2.6;361.856031128;277.30078125;243.1875;405.642023346
0;3;5.0;353.6796875;285.902723735;241.921875;396.747081712
0;3;11.8;340.15234375;275.3125;234.234375;400.65234375
1;3;10.4;185.431906615;183.99609375;189.330708661;186.75
1;3;13.0;182.19921875;180.7421875;181.723735409;182.661478599
0;3;17.0;392.840466926;294.76953125;248.57480315;400.515625
0;3;16.3;326.5;284.0;237.25;391.75
0;3;10.8;354.25;283.75;242.0;449.25
0;3;11.5;350.5;295.25;241.0;427.0
0;3;11.9;358.25;292.75;245.25;425.5
1;3;6.1;180.25;187.75;194.25;176.5
1;3;6.1;177.75;177.5;180.5;185.25
0;3;5.6;352.5;282.75;231.25;416.75
0;3;8.6;345.0;265.0;236.0;393.25
0;3;13.6;332.75;261.0;233.25;378.75
0;3;14.1;312.0;261.75;227.5;390.25
0;3;15.5;309.0;257.75;224.75;366.5
1;3;15.4;211.25;194.25;189.0;230.0
1;3;12.3;183.0;179.0;185.5;185.5
0;3;10.9;NaN;NaN;NaN;NaN
0;3;13.2;NaN;NaN;NaN;NaN
0;3;13.2;328.75;273.0;245.75;382.25
0;3;15.2;342.5;281.75;253.5;395.75
0;4;14.9;NaN;NaN;NaN;NaN
1;4;18.4;NaN;NaN;NaN;NaN
1;4;16.6;NaN;NaN;NaN;NaN
0;4;17.8;NaN;NaN;NaN;NaN
0;4;12.7;NaN;NaN;NaN;NaN
0;4;15.6;NaN;NaN;NaN;NaN
0;4;19.4;NaN;NaN;NaN;NaN
0;4;16.5;NaN;NaN;NaN;NaN
1;4;19.8;NaN;NaN;NaN;NaN
1;4;13.8;NaN;NaN;NaN;NaN
0;4;16.8;NaN;NaN;NaN;NaN
0;4;21.5;NaN;NaN;NaN;NaN
0;4;11.7;NaN;NaN;NaN;NaN
0;4;13.1;NaN;NaN;NaN;NaN
0;4;12.1;NaN;NaN;NaN;NaN
1;4;9.8;NaN;NaN;NaN;NaN
1;4;13.8;154.0;154.25;158.25;156.0
0;4;15.4;324.75;239.5;203.25;390.5
0;4;17.5;329.25;254.5;204.75;374.75
0;4;17.2;339.75;243.75;208.0;389.5
0;4;17.9;319.5;244.5;211.0;365.0
0;4;19.4;281.25;241.0;187.25;340.25
1;4;20.4;153.25;151.0;149.0;155.25
1;4;20.3;137.75;136.25;136.5;140.25
1;4;17.8;146.0;143.5;141.25;148.75
0;4;12.9;346.5;238.25;196.75;410.25
0;4;16.3;310.0;235.5;209.75;374.75
0;4;14.9;323.75;236.5;208.5;425.25
0;4;13.5;333.0;259.75;219.75;390.75
1;4;14.1;160.5;158.0;156.0;176.5
1;5;15.1;145.0;145.0;145.5;145.25
0;5;16.7;288.5;214.0;189.5;361.5
0;5;20.5;318.0;231.0;186.5;379.25
0;5;10.5;NaN;NaN;NaN;379.0
0;5;14.7;289.981818182;220.25;191.5;329.769633508
0;5;14.6;301.408759124;236.149635036;198.981684982;349.080586081
1;5;17.6;158.531120332;159.404958678;159.253061224;165.864197531
1;5;19.7;146.315352697;144.545081967;142.547325103;150.468619247
0;5;16.6;294.25;225.5;205.25;355.75
0;5;21.2;279.0;227.5;206.0;336.75
0;5;23.2;324.5;244.0;222.5;387.5
0;5;23.2;292.0;229.25;219.0;348.75
0;5;21.0;NaN;NaN;NaN;NaN
1;5;22.2;NaN;NaN;NaN;228.0
1;5;14.9;186.276422764;178.650684932;171.5;196.863453815
0;5;15.4;354.928286853;293.518218623;240.599190283;378.895652174
0;5;17.2;332.877729258;244.62;207.514423077;378.81981982
0;5;17.7;333.521367521;247.273542601;203.697777778;399.546255507
0;5;22.2;341.756521739;251.067460317;215.123505976;386.143478261
0;5;23.7;314.959459459;221.004385965;204.115555556;383.214953271
1;5;25.3;134.071748879;166.056074766;164.78440367;184.208888889
1;5;21.4;146.970588235;143.81938326;143.286956522;150.583333333
0;5;23.8;328.296460177;246.187793427;195.561085973;377.138528139
0;5;24.0;372.727678571;263.487068966;198.013043478;440.674107143
0;5;24.3;349.827272727;256.947136564;204.401785714;403.392307692
0;5;20.6;339.692982456;251.907079646;204.205240175;391.995670996
0;5;24.9;348.612765957;257.086956522;205.259574468;471.256410256
1;5;12.2;170.724576271;161.088495575;163.329113924;234.572052402
1;5;19.2;145.811965812;145.35021097;144.406779661;195.862222222
0;5;22.5;387.084745763;262.611814346;199.940425532;422.472340426
0;5;23.8;351.987068966;250.122881356;208.829787234;382.594827586
