Praznik;Mjesec;Temperatura;PotrosnjaPrije1h;PotrosnjaPrije2h;Potrosnja
1;1;-4.5;171.25;169;171.0
1;1;-3.0;162.0;NaN;162.75
0;1;-4.2;169.5;NaN;167.5
0;1;-4.2;178.75;NaN;178.0
0;1;-3.0;174.0;NaN;172.25
1;1;-3.5;168.75;NaN;168.5
0;1;5.0;176.0;NaN;175.25
1;1;10.9;173.75;NaN;172.0
1;1;9.7;167.75;NaN;165.0
0;1;5.4;166.0;NaN;168.0
0;1;3.8;182.5;NaN;174.75
0;1;4.2;NaN;NaN;NaN
0;1;3.6;182.25;NaN;177.5
0;1;5.8;176.75;NaN;172.0
1;1;2.0;185.5;NaN;182.25
1;1;1.8;160.0;NaN;160.5
0;1;0.6;159.5;NaN;158.75
0;1;0.6;180.25;NaN;177.25
0;1;-0.8;178.75;NaN;174.75
0;1;3.1;183.0;NaN;174.25
0;1;2.1;175.5;NaN;173.0
1;1;0.5;175.0;NaN;172.75
1;1;-1.6;175.25;NaN;177.5
0;1;-3.2;169.0;NaN;164.5
0;1;-3.6;178.0;NaN;173.0
0;1;-0.7;191.25;NaN;181.5
0;1;1.2;179.5;NaN;174.75
0;1;-0.1;185.75;NaN;174.75
1;1;-1.0;188.0;NaN;183.5
1;1;-1.2;182.75;NaN;177.75
0;1;-1.0;167.0;NaN;167.75
0;2;-2.2;197.75;NaN;189.25
0;2;-3.7;181.5;NaN;181.0
0;2;-2.0;184.5;NaN;183.0
0;2;-4.8;186.75;NaN;183.0
1;2;-2.2;175.0;NaN;173.25
1;2;-2.1;173.25;NaN;174.75
0;2;-0.7;166.0;NaN;168.25
0;2;-0.8;181.0;NaN;178.0
0;2;2.4;181.5;NaN;179.0
0;2;0.0;183.75;NaN;179.5
0;2;-1.0;195.75;NaN;186.75
1;2;8.2;181.0;NaN;179.0
1;2;2.7;187.75;NaN;188.0
0;2;1.2;185.5;NaN;181.5
0;2;0.6;198.0;NaN;192.0
0;2;0.4;202.25;NaN;199.75
0;2;4.3;192.75;NaN;191.25
0;2;3.8;190.0;NaN;184.0
1;2;4.1;186.0;NaN;186.75
1;2;1.9;152.5;NaN;151.75
0;2;0.7;189.5;NaN;185.5
0;2;-2.2;198.5;NaN;191.25
0;2;-2.3;186.25;NaN;180.5
0;2;-7.0;182.25;NaN;176.0
0;2;-6.8;189.0;NaN;184.0
1;2;-1.6;192.25;NaN;190.25
1;2;-2.2;182.25;NaN;184.5
0;2;-1.0;184.75;NaN;182.25
0;3;0.1;195.5;NaN;188.5
0;3;1.0;200.0;NaN;193.25
0;3;-1.8;188.5;NaN;182.25
0;3;0.1;187.5;NaN;184.0
1;3;-0.2;179.0;NaN;182.5
1;3;-2.7;181.076642336;NaN;178.073260073
0;3;1.9;172.344322344;NaN;172.286764706
0;3;-4.6;191.03649635;NaN;187.018050542
0;3;-4.4;197.019455253;NaN;188.80859375
0;3;-2.0;197.765625;NaN;195.73151751
0;3;2.4;195.435797665;NaN;188.031128405
1;3;6.1;193.276264591;NaN;191.984375
1;3;7.0;189.84375;NaN;189.128404669
0;3;11.0;188.32421875;NaN;185.7265625
0;3;9.8;199.25;NaN;190.75
0;3;8.6;193.75;NaN;190.25
0;3;11.0;199.0;NaN;192.0
0;3;5.0;197.5;NaN;191.5
1;3;6.5;190.0;NaN;192.25
1;3;6.0;188.0;NaN;188.5
0;3;5.0;181.0;NaN;182.0
0;3;0.6;190.25;NaN;184.0
0;3;1.8;194.5;NaN;186.5
0;3;4.2;201.75;NaN;199.25
0;3;4.8;199.75;NaN;193.5
1;3;12.5;190.75;NaN;193.75
1;3;10.8;192.75;NaN;195.0
0;3;6.4;NaN;NaN;NaN
0;3;9.0;NaN;NaN;NaN
0;3;4.7;191.25;NaN;190.75
0;3;5.8;206.0;NaN;196.75
0;4;7.1;NaN;NaN;NaN
1;4;8.6;NaN;NaN;NaN
1;4;9.8;NaN;NaN;NaN
0;4;10.0;NaN;NaN;NaN
0;4;10.5;NaN;NaN;NaN
0;4;6.3;NaN;NaN;NaN
0;4;8.2;NaN;NaN;NaN
0;4;15.8;NaN;NaN;NaN
1;4;14.2;NaN;NaN;NaN
1;4;8.0;NaN;NaN;NaN
0;4;7.0;NaN;NaN;NaN
0;4;9.2;NaN;NaN;NaN
0;4;6.7;NaN;NaN;NaN
0;4;6.4;NaN;NaN;NaN
0;4;7.0;NaN;NaN;NaN
1;4;8.4;NaN;NaN;NaN
1;4;9.1;151.0;NaN;144.25
0;4;5.8;146.25;NaN;143.75
0;4;8.6;158.75;NaN;154.25
0;4;6.6;168.0;NaN;160.5
0;4;7.8;162.75;NaN;158.25
0;4;8.6;160.25;NaN;153.5
1;4;10.0;151.75;NaN;152.5
1;4;14.6;143.25;NaN;142.0
1;4;11.8;148.75;NaN;148.0
0;4;14.1;153.0;NaN;143.25
0;4;12.5;158.5;NaN;149.5
0;4;11.8;155.5;NaN;153.0
0;4;11.1;169.25;NaN;159.75
1;4;12.0;161.25;NaN;163.0
1;5;11.1;188.0;NaN;183.75
0;5;10.1;159.75;NaN;158.25
0;5;11.2;153.25;NaN;152.0
0;5;7.2;174.25;NaN;168.75
0;5;4.2;165.25;NaN;155.75
0;5;4.9;161.270072993;NaN;157.644688645
1;5;6.9;164.452674897;NaN;158.765432099
1;5;7.8;160.172131148;NaN;159.057142857
0;5;6.8;160.25;NaN;157.0
0;5;11.0;154.0;NaN;153.25
0;5;10.7;166.75;NaN;160.5
0;5;11.5;174.5;NaN;166.75
0;5;19.6;NaN;NaN;NaN
1;5;14.1;NaN;NaN;NaN
1;5;14.2;196.8;NaN;192.0
0;5;10.0;186.187755102;NaN;182.482071713
0;5;13.3;164.068181818;NaN;158.233050847
0;5;14.6;157.226086957;NaN;151.431718062
0;5;12.4;155.0;NaN;149.807228916
0;5;14.8;164.175438596;NaN;156.844262295
1;5;15.6;159.963800905;NaN;155.493150685
1;5;12.8;153.584745763;NaN;146.732142857
0;5;15.1;154.251184834;NaN;148.236363636
0;5;16.9;167.793859649;NaN;162.236607143
0;5;16.6;171.017699115;NaN;161.165938865
0;5;15.4;166.5;NaN;160.5
0;5;15.4;176.770562771;NaN;172.538793103
1;5;14.1;169.575757576;NaN;169.037815126
1;5;10.9;155.551724138;NaN;155.098712446
0;5;12.0;154.628820961;NaN;154.68487395
0;5;15.8;174.811158798;NaN;163.360515021
